  1  1 1 47      83.33334000       5.00000000  5.00000000E-05      34.00000000       1.00000000       0.10000000  0.3000000e-01  1       1.00000000  0  headwater
  2  1 2 47      83.33334000       5.00000000  5.00000000E-05      33.99580000       1.00000000       0.10000000  0.3000000e-01  2       1.00000000  0  headwater
  3  1 3 47      83.33334000       5.00000000  5.00000000E-05      33.99160000       1.00000000       0.10000000  0.3000000e-01  2       1.00000000  0  headwater
  4  1 4 47      83.33334000       5.00000000  5.00000000E-05      33.98740000       1.00000000       0.10000000  0.3000000e-01  2       1.00000000  0  headwater
  5  1 5 47      83.33334000       5.00000000  5.00000000E-05      33.98319000       1.00000000       0.10000000  0.3000000e-01  2       1.00000000  0  headwater
  6  1 6 47      83.33334000       5.00000000  5.00000000E-05      33.97899000       1.00000000       0.10000000  0.3000000e-01  2       1.00000000  0  headwater
  7  1 7 47      83.33334000       5.00000000  5.00000000E-05      33.97479000       1.00000000       0.10000000  0.3000000e-01  2       1.00000000  0  headwater
  8  1 8 47      83.33334000       5.00000000  5.00000000E-05      33.97059000       1.00000000       0.10000000  0.3000000e-01  2       1.00000000  0  headwater
  9  1 9 47      83.33334000       5.00000000  5.00000000E-05      33.96638000       1.00000000       0.10000000  0.3000000e-01  2       1.00000000  0  headwater
  10  1 10 47      83.33334000       5.00000000  5.00000000E-05      33.96218000       1.00000000       0.10000000  0.3000000e-01  2       1.00000000  0  headwater
  11  1 11 47      83.33334000       5.00000000  5.00000000E-05      33.95798000       1.00000000       0.10000000  0.3000000e-01  2       1.00000000  0  headwater
  12  1 12 47      83.33334000       5.00000000  5.00000000E-05      33.95378000       1.00000000       0.10000000  0.3000000e-01  2       1.00000000  0  headwater
  13  1 13 47      83.33334000       5.00000000  5.00000000E-05      33.94958000       1.00000000       0.10000000  0.3000000e-01  2       1.00000000  0  headwater
  14  1 14 47      83.33334000       5.00000000  5.00000000E-05      33.94538000       1.00000000       0.10000000  0.3000000e-01  2       1.00000000  0  headwater
  15  1 15 47      83.33334000       5.00000000  5.00000000E-05      33.94118000       1.00000000       0.10000000  0.3000000e-01  2       1.00000000  0  headwater
  16  1 16 47      83.33334000       5.00000000  5.00000000E-05      33.93697000       1.00000000       0.10000000  0.3000000e-01  2       1.00000000  0  headwater
  17  1 17 47      83.33334000       5.00000000  5.00000000E-05      33.93277000       1.00000000       0.10000000  0.3000000e-01  2       1.00000000  0  headwater
  18  1 18 47      83.33334000       5.00000000  5.00000000E-05      33.92857000       1.00000000       0.10000000  0.3000000e-01  2       1.00000000  0  headwater
  19  1 19 47      83.33334000       5.00000000  5.00000000E-05      33.92437000       1.00000000       0.10000000  0.3000000e-01  2       1.00000000  0  headwater
  20  1 20 47      83.33334000       5.00000000  5.00000000E-05      33.92017000       1.00000000       0.10000000  0.3000000e-01  2       1.00000000  0  headwater
  21  1 21 47      83.33334000       5.00000000  5.00000000E-05      33.91597000       1.00000000       0.10000000  0.3000000e-01  2       1.00000000  0  headwater
  22  1 22 47      83.33334000       5.00000000  5.00000000E-05      33.91177000       1.00000000       0.10000000  0.3000000e-01  2       1.00000000  0  headwater
  23  1 23 47      83.33334000       5.00000000  5.00000000E-05      33.90756000       1.00000000       0.10000000  0.3000000e-01  2       1.00000000  0  headwater
  24  1 24 47      83.33334000       5.00000000  5.00000000E-05      33.90336000       1.00000000       0.10000000  0.3000000e-01  2       1.00000000  0  headwater
  25  1 25 47      83.33334000       5.00000000  5.00000000E-05      33.89916000       1.00000000       0.10000000  0.3000000e-01  2       1.00000000  0  headwater
  26  1 26 47      83.33334000       5.00000000  5.00000000E-05      33.89496000       1.00000000       0.10000000  0.3000000e-01  2       1.00000000  0  headwater
  27  1 27 47      83.33334000       5.00000000  5.00000000E-05      33.89075000       1.00000000       0.10000000  0.3000000e-01  2       1.00000000  0  headwater
  28  1 28 47      83.33334000       5.00000000  5.00000000E-05      33.88655000       1.00000000       0.10000000  0.3000000e-01  2       1.00000000  0  headwater
  29  1 29 47      83.33334000       5.00000000  5.00000000E-05      33.88235000       1.00000000       0.10000000  0.3000000e-01  2       1.00000000  0  headwater
  30  1 30 47      83.33334000       5.00000000  5.00000000E-05      33.87815000       1.00000000       0.10000000  0.3000000e-01  2       1.00000000  0  headwater
  31  1 31 47      83.33334000       5.00000000  5.00000000E-05      33.87395000       1.00000000       0.10000000  0.3000000e-01  2       1.00000000  0  headwater
  32  1 32 47      83.33334000       5.00000000  5.00000000E-05      33.86975000       1.00000000       0.10000000  0.3000000e-01  2       1.00000000  0  headwater
  33  1 33 47      83.33334000       5.00000000  5.00000000E-05      33.86555000       1.00000000       0.10000000  0.3000000e-01  2       1.00000000  0  headwater
  34  1 34 47      83.33334000       5.00000000  5.00000000E-05      33.86134000       1.00000000       0.10000000  0.3000000e-01  2       1.00000000  0  headwater
  35  1 35 47      83.33334000       5.00000000  5.00000000E-05      33.85714000       1.00000000       0.10000000  0.3000000e-01  2       1.00000000  0  headwater
  36  1 36 47      83.33334000       5.00000000  5.00000000E-05      33.85294000       1.00000000       0.10000000  0.3000000e-01  2       1.00000000  0  headwater
  37  1 37 47      83.33334000       5.00000000  5.00000000E-05      33.84874000       1.00000000       0.10000000  0.3000000e-01  2       1.00000000  0  headwater
  38  1 38 47      83.33334000       5.00000000  5.00000000E-05      33.84454000       1.00000000       0.10000000  0.3000000e-01  2       1.00000000  0  headwater
  39  1 39 47      83.33334000       5.00000000  5.00000000E-05      33.84034000       1.00000000       0.10000000  0.3000000e-01  2       1.00000000  0  headwater
  40  1 40 47      83.33334000       5.00000000  5.00000000E-05      33.83614000       1.00000000       0.10000000  0.3000000e-01  2       1.00000000  0  headwater
  41  1 41 47      83.33334000       5.00000000  5.00000000E-05      33.83193000       1.00000000       0.10000000  0.3000000e-01  2       1.00000000  0  headwater
  42  1 42 47      83.33334000       5.00000000  5.00000000E-05      33.82773000       1.00000000       0.10000000  0.3000000e-01  2       1.00000000  0  headwater
  43  1 43 47      83.33334000       5.00000000  5.00000000E-05      33.82353000       1.00000000       0.10000000  0.3000000e-01  2       1.00000000  0  headwater
  44  1 44 47      83.33334000       5.00000000  5.00000000E-05      33.81933000       1.00000000       0.10000000  0.3000000e-01  2       1.00000000  0  headwater
  45  1 45 47      83.33334000       5.00000000  5.00000000E-05      33.81512000       1.00000000       0.10000000  0.3000000e-01  2       1.00000000  0  headwater
  46  1 46 47      83.33334000       5.00000000  5.00000000E-05      33.81092000       1.00000000       0.10000000  0.3000000e-01  2       1.00000000  0  headwater
  47  1 47 47      83.33334000       5.00000000  5.00000000E-05      33.80672000       1.00000000       0.10000000  0.3000000e-01  2       1.00000000  0  headwater
  48  1 48 47      83.33334000       5.00000000  5.00000000E-05      33.80252000       1.00000000       0.10000000  0.3000000e-01  2       1.00000000  0  headwater
  49  1 49 47      83.33334000       5.00000000  5.00000000E-05      33.79832000       1.00000000       0.10000000  0.3000000e-01  2       1.00000000  0  headwater
  50  1 50 47      83.33334000       5.00000000  5.00000000E-05      33.79412000       1.00000000       0.10000000  0.3000000e-01  2       1.00000000  0  headwater
  51  1 51 47      83.33334000       5.00000000  5.00000000E-05      33.78992000       1.00000000       0.10000000  0.3000000e-01  2       1.00000000  0  headwater
  52  1 52 47      83.33334000       5.00000000  5.00000000E-05      33.78571000       1.00000000       0.10000000  0.3000000e-01  2       1.00000000  0  headwater
  53  1 53 47      83.33334000       5.00000000  5.00000000E-05      33.78151000       1.00000000       0.10000000  0.3000000e-01  2       1.00000000  0  headwater
  54  1 54 47      83.33334000       5.00000000  5.00000000E-05      33.77731000       1.00000000       0.10000000  0.3000000e-01  2       1.00000000  0  headwater
  55  1 55 47      83.33334000       5.00000000  5.00000000E-05      33.77311000       1.00000000       0.10000000  0.3000000e-01  2       1.00000000  0  headwater
  56  1 56 47      83.33334000       5.00000000  5.00000000E-05      33.76891000       1.00000000       0.10000000  0.3000000e-01  2       1.00000000  0  headwater
  57  1 57 47      83.33334000       5.00000000  5.00000000E-05      33.76471000       1.00000000       0.10000000  0.3000000e-01  2       1.00000000  0  headwater
  58  1 58 47      83.33334000       5.00000000  5.00000000E-05      33.76051000       1.00000000       0.10000000  0.3000000e-01  2       1.00000000  0  headwater
  59  1 59 47      83.33334000       5.00000000  5.00000000E-05      33.75630000       1.00000000       0.10000000  0.3000000e-01  2       1.00000000  0  headwater
  60  1 60 47      83.33334000       5.00000000  5.00000000E-05      33.75210000       1.00000000       0.10000000  0.3000000e-01  2       1.00000000  0  headwater
  61  1 61 47      83.33334000       5.00000000  5.00000000E-05      33.74790000       1.00000000       0.10000000  0.3000000e-01  2       1.00000000  0  headwater
  62  1 62 47      83.33334000       5.00000000  5.00000000E-05      33.74370000       1.00000000       0.10000000  0.3000000e-01  2       1.00000000  0  tailwater
  63  1 63 47      83.33334000       5.00000000  5.00000000E-05      33.73949000       1.00000000       0.10000000  0.3000000e-01  2       1.00000000  0  tailwater
  64  1 64 47      83.33334000       5.00000000  5.00000000E-05      33.73529000       1.00000000       0.10000000  0.3000000e-01  2       1.00000000  0  tailwater
  65  1 65 47      83.33334000       5.00000000  5.00000000E-05      33.73109000       1.00000000       0.10000000  0.3000000e-01  2       1.00000000  0  tailwater
  66  1 66 47      83.33334000       5.00000000  5.00000000E-05      33.72689000       1.00000000       0.10000000  0.3000000e-01  2       1.00000000  0  tailwater
  67  1 67 47      83.33334000       5.00000000  5.00000000E-05      33.72269000       1.00000000       0.10000000  0.3000000e-01  2       1.00000000  0  tailwater
  68  1 68 47      83.33334000       5.00000000  5.00000000E-05      33.71849000       1.00000000       0.10000000  0.3000000e-01  2       1.00000000  0  tailwater
  69  1 69 47      83.33334000       5.00000000  5.00000000E-05      33.71429000       1.00000000       0.10000000  0.3000000e-01  2       1.00000000  0  tailwater
  70  1 70 47      83.33334000       5.00000000  5.00000000E-05      33.71008000       1.00000000       0.10000000  0.3000000e-01  2       1.00000000  0  tailwater
  71  1 71 47      83.33334000       5.00000000  5.00000000E-05      33.70588000       1.00000000       0.10000000  0.3000000e-01  2       1.00000000  0  tailwater
  72  1 72 47      83.33334000       5.00000000  5.00000000E-05      33.70168000       1.00000000       0.10000000  0.3000000e-01  2       1.00000000  0  tailwater
  73  1 73 47      83.33334000       5.00000000  5.00000000E-05      33.69748000       1.00000000       0.10000000  0.3000000e-01  2       1.00000000  0  tailwater
  74  1 74 47      83.33334000       5.00000000  5.00000000E-05      33.69328000       1.00000000       0.10000000  0.3000000e-01  2       1.00000000  0  tailwater
  75  1 75 47      83.33334000       5.00000000  5.00000000E-05      33.68908000       1.00000000       0.10000000  0.3000000e-01  2       1.00000000  0  tailwater
  76  1 76 47      83.33334000       5.00000000  5.00000000E-05      33.68488000       1.00000000       0.10000000  0.3000000e-01  2       1.00000000  0  tailwater
  77  1 77 47      83.33334000       5.00000000  5.00000000E-05      33.68067000       1.00000000       0.10000000  0.3000000e-01  2       1.00000000  0  tailwater
  78  1 78 47      83.33334000       5.00000000  5.00000000E-05      33.67647000       1.00000000       0.10000000  0.3000000e-01  2       1.00000000  0  tailwater
  79  1 79 47      83.33334000       5.00000000  5.00000000E-05      33.67227000       1.00000000       0.10000000  0.3000000e-01  2       1.00000000  0  tailwater
  80  1 80 47      83.33334000       5.00000000  5.00000000E-05      33.66807000       1.00000000       0.10000000  0.3000000e-01  2       1.00000000  0  tailwater
  81  1 81 47      83.33334000       5.00000000  5.00000000E-05      33.66386000       1.00000000       0.10000000  0.3000000e-01  2       1.00000000  0  tailwater
  82  1 82 47      83.33334000       5.00000000  5.00000000E-05      33.65966000       1.00000000       0.10000000  0.3000000e-01  2       1.00000000  0  tailwater
  83  1 83 47      83.33334000       5.00000000  5.00000000E-05      33.65546000       1.00000000       0.10000000  0.3000000e-01  2       1.00000000  0  tailwater
  84  1 84 47      83.33334000       5.00000000  5.00000000E-05      33.65126000       1.00000000       0.10000000  0.3000000e-01  2       1.00000000  0  tailwater
  85  1 85 47      83.33334000       5.00000000  5.00000000E-05      33.64706000       1.00000000       0.10000000  0.3000000e-01  2       1.00000000  0  tailwater
  86  1 86 47      83.33334000       5.00000000  5.00000000E-05      33.64286000       1.00000000       0.10000000  0.3000000e-01  2       1.00000000  0  tailwater
  87  1 87 47      83.33334000       5.00000000  5.00000000E-05      33.63866000       1.00000000       0.10000000  0.3000000e-01  2       1.00000000  0  tailwater
  88  1 88 47      83.33334000       5.00000000  5.00000000E-05      33.63445000       1.00000000       0.10000000  0.3000000e-01  2       1.00000000  0  tailwater
  89  1 89 47      83.33334000       5.00000000  5.00000000E-05      33.63025000       1.00000000       0.10000000  0.3000000e-01  2       1.00000000  0  tailwater
  90  1 90 47      83.33334000       5.00000000  5.00000000E-05      33.62605000       1.00000000       0.10000000  0.3000000e-01  2       1.00000000  0  tailwater
  91  1 91 47      83.33334000       5.00000000  5.00000000E-05      33.62185000       1.00000000       0.10000000  0.3000000e-01  2       1.00000000  0  tailwater
  92  1 92 47      83.33334000       5.00000000  5.00000000E-05      33.61765000       1.00000000       0.10000000  0.3000000e-01  2       1.00000000  0  tailwater
  93  1 93 47      83.33334000       5.00000000  5.00000000E-05      33.61345000       1.00000000       0.10000000  0.3000000e-01  2       1.00000000  0  tailwater
  94  1 94 47      83.33334000       5.00000000  5.00000000E-05      33.60925000       1.00000000       0.10000000  0.3000000e-01  2       1.00000000  0  tailwater
  95  1 95 47      83.33334000       5.00000000  5.00000000E-05      33.60504000       1.00000000       0.10000000  0.3000000e-01  2       1.00000000  0  tailwater
  96  1 96 47      83.33334000       5.00000000  5.00000000E-05      33.60084000       1.00000000       0.10000000  0.3000000e-01  2       1.00000000  0  tailwater
  97  1 97 47      83.33334000       5.00000000  5.00000000E-05      33.59664000       1.00000000       0.10000000  0.3000000e-01  2       1.00000000  0  tailwater
  98  1 98 47      83.33334000       5.00000000  5.00000000E-05      33.59244000       1.00000000       0.10000000  0.3000000e-01  2       1.00000000  0  tailwater
  99  1 99 47      83.33334000       5.00000000  5.00000000E-05      33.58823000       1.00000000       0.10000000  0.3000000e-01  2       1.00000000  0  tailwater
  100  1 100 47      83.33334000       5.00000000  5.00000000E-05      33.58403000       1.00000000       0.10000000  0.3000000e-01  2       1.00000000  0  tailwater
  101  1 101 47      83.33334000       5.00000000  5.00000000E-05      33.57983000       1.00000000       0.10000000  0.3000000e-01  2       1.00000000  0  tailwater
  102  1 102 47      83.33334000       5.00000000  5.00000000E-05      33.57563000       1.00000000       0.10000000  0.3000000e-01  2       1.00000000  0  tailwater
  103  1 103 47      83.33334000       5.00000000  5.00000000E-05      33.57143000       1.00000000       0.10000000  0.3000000e-01  2       1.00000000  0  tailwater
  104  1 104 47      83.33334000       5.00000000  5.00000000E-05      33.56723000       1.00000000       0.10000000  0.3000000e-01  2       1.00000000  0  tailwater
  105  1 105 47      83.33334000       5.00000000  5.00000000E-05      33.56303000       1.00000000       0.10000000  0.3000000e-01  2       1.00000000  0  tailwater
  106  1 106 47      83.33334000       5.00000000  5.00000000E-05      33.55882000       1.00000000       0.10000000  0.3000000e-01  2       1.00000000  0  tailwater
  107  1 107 47      83.33334000       5.00000000  5.00000000E-05      33.55462000       1.00000000       0.10000000  0.3000000e-01  2       1.00000000  0  tailwater
  108  1 108 47      83.33334000       5.00000000  5.00000000E-05      33.55042000       1.00000000       0.10000000  0.3000000e-01  2       1.00000000  0  tailwater
  109  1 109 47      83.33334000       5.00000000  5.00000000E-05      33.54622000       1.00000000       0.10000000  0.3000000e-01  2       1.00000000  0  tailwater
  110  1 110 47      83.33334000       5.00000000  5.00000000E-05      33.54202000       1.00000000       0.10000000  0.3000000e-01  2       1.00000000  0  tailwater
  111  1 111 47      83.33334000       5.00000000  5.00000000E-05      33.53782000       1.00000000       0.10000000  0.3000000e-01  2       1.00000000  0  tailwater
  112  1 112 47      83.33334000       5.00000000  5.00000000E-05      33.53362000       1.00000000       0.10000000  0.3000000e-01  2       1.00000000  0  tailwater
  113  1 113 47      83.33334000       5.00000000  5.00000000E-05      33.52941000       1.00000000       0.10000000  0.3000000e-01  2       1.00000000  0  tailwater
  114  1 114 47      83.33334000       5.00000000  5.00000000E-05      33.52521000       1.00000000       0.10000000  0.3000000e-01  2       1.00000000  0  tailwater
  115  1 115 47      83.33334000       5.00000000  5.00000000E-05      33.52101000       1.00000000       0.10000000  0.3000000e-01  2       1.00000000  0  tailwater
  116  1 116 47      83.33334000       5.00000000  5.00000000E-05      33.51681000       1.00000000       0.10000000  0.3000000e-01  2       1.00000000  0  tailwater
  117  1 117 47      83.33334000       5.00000000  5.00000000E-05      33.51260000       1.00000000       0.10000000  0.3000000e-01  2       1.00000000  0  tailwater
  118  1 118 47      83.33334000       5.00000000  5.00000000E-05      33.50840000       1.00000000       0.10000000  0.3000000e-01  2       1.00000000  0  tailwater
  119  1 119 47      83.33334000       5.00000000  5.00000000E-05      33.50420000       1.00000000       0.10000000  0.3000000e-01  2       1.00000000  0  tailwater
  120  1 120 47      83.33334000       5.00000000  5.00000000E-05      33.50100000       1.00000000       0.10000000  0.3000000e-01  1       1.00000000  0  tailwater
