   3.875049E-05    3.875049E-05    3.875049E-05    3.875049E-05    3.875049E-05    3.875049E-05    3.875049E-05    3.875049E-05    3.875049E-05    3.875049E-05    3.875049E-05    3.875049E-05    3.875049E-05    3.875049E-05    3.875049E-05    3.875049E-05    3.875049E-05    3.875049E-05    3.875049E-05    3.875049E-05
   3.875049E-05    3.875049E-05    3.875049E-05    3.875049E-05    3.875049E-05    3.875049E-05    3.875049E-05    3.875049E-05    3.875049E-05    3.875049E-05    3.875049E-05    3.875049E-05    3.875049E-05    3.875049E-05    3.875049E-05    3.875049E-05    3.875049E-05    3.875049E-05    3.875049E-05    3.875049E-05
   3.875049E-05    3.875049E-05    3.875049E-05    3.875049E-05    3.875049E-05    3.875049E-05    3.875049E-05    3.875049E-05    3.875049E-05    3.875049E-05    3.875049E-05    3.875049E-05    3.875049E-05    3.875049E-05    3.875049E-05    3.875049E-05    3.875049E-05    3.875049E-05    3.875049E-05    3.875049E-05
   3.875049E-05    3.875049E-05    3.875049E-05    3.875049E-05    3.875049E-05    3.875049E-05    3.875049E-05    3.875049E-05    3.875049E-05    3.875049E-05    3.875049E-05    3.875049E-05    3.875049E-05    3.875049E-05    3.875049E-05    3.875049E-05    3.875049E-05    3.875049E-05    3.875049E-05    3.875049E-05
   3.875049E-05    3.875049E-05    3.875049E-05    3.875049E-05    3.875049E-05    3.875049E-05    3.875049E-05    3.875049E-05    3.875049E-05    3.875049E-05    3.875049E-05    3.875049E-05    3.875049E-05    3.875049E-05    3.875049E-05    3.875049E-05    3.875049E-05    3.875049E-05    3.875049E-05    3.875049E-05
   3.875049E-05    3.875049E-05    3.875049E-05    3.875049E-05    3.875049E-05    3.875049E-05    3.875049E-05    3.875049E-05    3.875049E-05    3.875049E-05    3.875049E-05    3.875049E-05    3.875049E-05    3.875049E-05    3.875049E-05    3.875049E-05    3.875049E-05    3.875049E-05    3.875049E-05    3.875049E-05
   3.875049E-05    3.875049E-05    3.875049E-05    3.875049E-05    3.875049E-05    3.875049E-05    3.875049E-05    3.875049E-05    3.875049E-05    3.875049E-05    3.875049E-05    3.875049E-05    3.875049E-05    3.875049E-05    3.875049E-05    3.875049E-05    3.875049E-05    3.875049E-05    3.875049E-05    3.875049E-05
   3.875049E-05    3.875049E-05    3.875049E-05    3.875049E-05    3.875049E-05    3.875049E-05    3.875049E-05    3.875049E-05    3.875049E-05    3.875049E-05    3.875049E-05    3.875049E-05    3.875049E-05    3.875049E-05    3.875049E-05    3.875049E-05    3.875049E-05    3.875049E-05    3.875049E-05    3.875049E-05
   3.875049E-05    3.875049E-05    3.875049E-05    3.875049E-05    3.875049E-05    3.875049E-05    3.875049E-05    3.875049E-05    3.875049E-05    3.875049E-05    3.875049E-05    3.875049E-05    3.875049E-05    3.875049E-05    3.875049E-05    3.875049E-05    3.875049E-05    3.875049E-05    3.875049E-05    3.875049E-05
   3.875049E-05    3.875049E-05    3.875049E-05    3.875049E-05    3.875049E-05    3.875049E-05    3.875049E-05    3.875049E-05    3.875049E-05    3.875049E-05    3.875049E-05    3.875049E-05    3.875049E-05    3.875049E-05    3.875049E-05    3.875049E-05    3.875049E-05    3.875049E-05    3.875049E-05    3.875049E-05
   3.875049E-05    3.875049E-05    3.875049E-05    3.875049E-05    3.875049E-05    3.875049E-05    3.875049E-05    3.875049E-05    3.875049E-05    3.875049E-05    3.875049E-05    3.875049E-05    3.875049E-05    3.875049E-05    3.875049E-05    3.875049E-05    3.875049E-05    3.875049E-05    3.875049E-05    3.875049E-05
   3.875049E-05    3.875049E-05    3.875049E-05    3.875049E-05    3.875049E-05    3.875049E-05    3.875049E-05    3.875049E-05    3.875049E-05    3.875049E-05    3.875049E-05    3.875049E-05    3.875049E-05    3.875049E-05    3.875049E-05    3.875049E-05    3.875049E-05    3.875049E-05    3.875049E-05    3.875049E-05
   3.875049E-05    3.875049E-05    3.875049E-05    3.875049E-05    3.875049E-05    3.875049E-05    3.875049E-05    3.875049E-05    3.875049E-05    3.875049E-05    3.875049E-05    3.875049E-05    3.875049E-05    3.875049E-05    3.875049E-05    3.875049E-05    3.875049E-05    3.875049E-05    3.875049E-05    3.875049E-05
   3.875049E-05    3.875049E-05    3.875049E-05    3.875049E-05    3.875049E-05    3.875049E-05    3.875049E-05    3.875049E-05    3.875049E-05    3.875049E-05    3.875049E-05    3.875049E-05    3.875049E-05    3.875049E-05    3.875049E-05    3.875049E-05    3.875049E-05    3.875049E-05    3.875049E-05    3.875049E-05
   3.875049E-05    3.875049E-05    3.875049E-05    3.875049E-05    3.875049E-05    3.875049E-05    3.875049E-05    3.875049E-05    3.875049E-05    3.875049E-05    3.875049E-05    3.875049E-05    3.875049E-05    3.875049E-05    3.875049E-05    3.875049E-05    3.875049E-05    3.875049E-05    3.875049E-05    3.875049E-05
   3.875049E-05    3.875049E-05    3.875049E-05    3.875049E-05    3.875049E-05    3.875049E-05    3.875049E-05    3.875049E-05    3.875049E-05    3.875049E-05    3.875049E-05    3.875049E-05    3.875049E-05    3.875049E-05    3.875049E-05    3.875049E-05    3.875049E-05    3.875049E-05    3.875049E-05    3.875049E-05
   3.875049E-05    3.875049E-05    3.875049E-05    3.875049E-05    3.875049E-05    3.875049E-05    3.875049E-05    3.875049E-05    3.875049E-05    3.875049E-05    3.875049E-05    3.875049E-05    3.875049E-05    3.875049E-05    3.875049E-05    3.875049E-05    3.875049E-05    3.875049E-05    3.875049E-05    3.875049E-05
   3.875049E-05    3.875049E-05    3.875049E-05    3.875049E-05    3.875049E-05    3.875049E-05    3.875049E-05    3.875049E-05    3.875049E-05    3.875049E-05    3.875049E-05    3.875049E-05    3.875049E-05    3.875049E-05    3.875049E-05    3.875049E-05    3.875049E-05    3.875049E-05    3.875049E-05    3.875049E-05
   3.875049E-05    3.875049E-05    3.875049E-05    3.875049E-05    3.875049E-05    3.875049E-05    3.875049E-05    3.875049E-05    3.875049E-05    3.875049E-05    3.875049E-05    3.875049E-05    3.875049E-05    3.875049E-05    3.875049E-05    3.875049E-05    3.875049E-05    3.875049E-05    3.875049E-05    3.875049E-05
   3.875049E-05    3.875049E-05    3.875049E-05    3.875049E-05    3.875049E-05    3.875049E-05    3.875049E-05    3.875049E-05    3.875049E-05    3.875049E-05    3.875049E-05    3.875049E-05    3.875049E-05    3.875049E-05    3.875049E-05    3.875049E-05    3.875049E-05    3.875049E-05    3.875049E-05    3.875049E-05
   3.875049E-05    3.875049E-05    3.875049E-05    3.875049E-05    3.875049E-05    3.875049E-05    3.875049E-05    3.875049E-05    3.875049E-05    3.875049E-05    3.875049E-05    3.875049E-05    3.875049E-05    3.875049E-05    3.875049E-05    3.875049E-05    3.875049E-05    3.875049E-05    3.875049E-05    3.875049E-05
   3.875049E-05    3.875049E-05    3.875049E-05    3.875049E-05    3.875049E-05    3.875049E-05    3.875049E-05    3.875049E-05    3.875049E-05    3.875049E-05    3.875049E-05    3.875049E-05    3.875049E-05    3.875049E-05    3.875049E-05    3.875049E-05    3.875049E-05    3.875049E-05    3.875049E-05    3.875049E-05
   3.875049E-05    3.875049E-05    3.875049E-05    3.875049E-05    3.875049E-05    3.875049E-05    3.875049E-05    3.875049E-05    3.875049E-05    3.875049E-05    3.875049E-05    3.875049E-05    3.875049E-05    3.875049E-05    3.875049E-05    3.875049E-05    3.875049E-05    3.875049E-05    3.875049E-05    3.875049E-05
   3.875049E-05    3.875049E-05    3.875049E-05    3.875049E-05    3.875049E-05    3.875049E-05    3.875049E-05    3.875049E-05    3.875049E-05    3.875049E-05    3.875049E-05    3.875049E-05    3.875049E-05    3.875049E-05    3.875049E-05    3.875049E-05    3.875049E-05    3.875049E-05    3.875049E-05    3.875049E-05
   3.875049E-05    3.875049E-05    3.875049E-05    3.875049E-05    3.875049E-05    3.875049E-05    3.875049E-05    3.875049E-05    3.875049E-05    3.875049E-05    3.875049E-05    3.875049E-05    3.875049E-05    3.875049E-05    3.875049E-05    3.875049E-05    3.875049E-05    3.875049E-05    3.875049E-05    3.875049E-05
   3.875049E-05    3.875049E-05    3.875049E-05    3.875049E-05    3.875049E-05    3.875049E-05    3.875049E-05    3.875049E-05    3.875049E-05    3.875049E-05    3.875049E-05    3.875049E-05    3.875049E-05    3.875049E-05    3.875049E-05    3.875049E-05    3.875049E-05    3.875049E-05    3.875049E-05    3.875049E-05
   3.875049E-05    3.875049E-05    3.875049E-05    3.875049E-05    3.875049E-05    3.875049E-05    3.875049E-05    3.875049E-05    3.875049E-05    3.875049E-05    3.875049E-05    3.875049E-05    3.875049E-05    3.875049E-05    3.875049E-05    3.875049E-05    3.875049E-05    3.875049E-05    3.875049E-05    3.875049E-05
   3.875049E-05    3.875049E-05    3.875049E-05    3.875049E-05    3.875049E-05    3.875049E-05    3.875049E-05    3.875049E-05    3.875049E-05    3.875049E-05    3.875049E-05    3.875049E-05    3.875049E-05    3.875049E-05    3.875049E-05    3.875049E-05    3.875049E-05    3.875049E-05    3.875049E-05    3.875049E-05
   3.875049E-05    3.875049E-05    3.875049E-05    3.875049E-05    3.875049E-05    3.875049E-05    3.875049E-05    3.875049E-05    3.875049E-05    3.875049E-05    3.875049E-05    3.875049E-05    3.875049E-05    3.875049E-05    3.875049E-05    3.875049E-05    3.875049E-05    3.875049E-05    3.875049E-05    3.875049E-05
   3.875049E-05    3.875049E-05    3.875049E-05    3.875049E-05    3.875049E-05    3.875049E-05    3.875049E-05    3.875049E-05    3.875049E-05    3.875049E-05    3.875049E-05    3.875049E-05    3.875049E-05    3.875049E-05    3.875049E-05    3.875049E-05    3.875049E-05    3.875049E-05    3.875049E-05    3.875049E-05
   3.875049E-05    3.875049E-05    3.875049E-05    3.875049E-05    3.875049E-05    3.875049E-05    3.875049E-05    3.875049E-05    3.875049E-05    3.875049E-05    3.875049E-05    3.875049E-05    3.875049E-05    3.875049E-05    3.875049E-05    3.875049E-05    3.875049E-05    3.875049E-05    3.875049E-05    3.875049E-05
   3.875049E-05    3.875049E-05    3.875049E-05    3.875049E-05    3.875049E-05    3.875049E-05    3.875049E-05    3.875049E-05    3.875049E-05    3.875049E-05    3.875049E-05    3.875049E-05    3.875049E-05    3.875049E-05    3.875049E-05    3.875049E-05    3.875049E-05    3.875049E-05    3.875049E-05    3.875049E-05
   3.875049E-05    3.875049E-05    3.875049E-05    3.875049E-05    3.875049E-05    3.875049E-05    3.875049E-05    3.875049E-05    3.875049E-05    3.875049E-05    3.875049E-05    3.875049E-05    3.875049E-05    3.875049E-05    3.875049E-05    3.875049E-05    3.875049E-05    3.875049E-05    3.875049E-05    3.875049E-05
   3.875049E-05    3.875049E-05    3.875049E-05    3.875049E-05    3.875049E-05    3.875049E-05    3.875049E-05    3.875049E-05    3.875049E-05    3.875049E-05    3.875049E-05    3.875049E-05    3.875049E-05    3.875049E-05    3.875049E-05    3.875049E-05    3.875049E-05    3.875049E-05    3.875049E-05    3.875049E-05
   3.875049E-05    3.875049E-05    3.875049E-05    3.875049E-05    3.875049E-05    3.875049E-05    3.875049E-05    3.875049E-05    3.875049E-05    3.875049E-05    3.875049E-05    3.875049E-05    3.875049E-05    3.875049E-05    3.875049E-05    3.875049E-05    3.875049E-05    3.875049E-05    3.875049E-05    3.875049E-05
   3.875049E-05    3.875049E-05    3.875049E-05    3.875049E-05    3.875049E-05    3.875049E-05    3.875049E-05    3.875049E-05    3.875049E-05    3.875049E-05    3.875049E-05    3.875049E-05    3.875049E-05    3.875049E-05    3.875049E-05    3.875049E-05    3.875049E-05    3.875049E-05    3.875049E-05    3.875049E-05
   3.875049E-05    3.875049E-05    3.875049E-05    3.875049E-05    3.875049E-05    3.875049E-05    3.875049E-05    3.875049E-05    3.875049E-05    3.875049E-05    3.875049E-05    3.875049E-05    3.875049E-05    3.875049E-05    3.875049E-05    3.875049E-05    3.875049E-05    3.875049E-05    3.875049E-05    3.875049E-05
   3.875049E-05    3.875049E-05    3.875049E-05    3.875049E-05    3.875049E-05    3.875049E-05    3.875049E-05    3.875049E-05    3.875049E-05    3.875049E-05    3.875049E-05    3.875049E-05    3.875049E-05    3.875049E-05    3.875049E-05    3.875049E-05    3.875049E-05    3.875049E-05    3.875049E-05    3.875049E-05
   3.875049E-05    3.875049E-05    3.875049E-05    3.875049E-05    3.875049E-05    3.875049E-05    3.875049E-05    3.875049E-05    3.875049E-05    3.875049E-05    3.875049E-05    3.875049E-05    3.875049E-05    3.875049E-05    3.875049E-05    3.875049E-05    3.875049E-05    3.875049E-05    3.875049E-05    3.875049E-05
   3.875049E-05    3.875049E-05    3.875049E-05    3.875049E-05    3.875049E-05    3.875049E-05    3.875049E-05    3.875049E-05    3.875049E-05    3.875049E-05    3.875049E-05    3.875049E-05    3.875049E-05    3.875049E-05    3.875049E-05    3.875049E-05    3.875049E-05    3.875049E-05    3.875049E-05    3.875049E-05
