   1.323490E-04    1.323490E-04    1.323490E-04    1.323490E-04    1.323490E-04    1.323490E-04    1.323490E-04    1.323490E-04    1.323490E-04    1.323490E-04    1.323490E-04    1.323490E-04    1.323490E-04    1.323490E-04    1.323490E-04    1.323490E-04    1.323490E-04    1.323490E-04    1.323490E-04    1.323490E-04
   1.323490E-04    1.323490E-04    1.323490E-04    1.323490E-04    1.323490E-04    1.323490E-04    1.323490E-04    1.323490E-04    1.323490E-04    1.323490E-04    1.323490E-04    1.323490E-04    1.323490E-04    1.323490E-04    1.323490E-04    1.323490E-04    1.323490E-04    1.323490E-04    1.323490E-04    1.323490E-04
   1.323490E-04    1.323490E-04    1.323490E-04    1.323490E-04    1.323490E-04    1.323490E-04    1.323490E-04    1.323490E-04    1.323490E-04    1.323490E-04    1.323490E-04    1.323490E-04    1.323490E-04    1.323490E-04    1.323490E-04    1.323490E-04    1.323490E-04    1.323490E-04    1.323490E-04    1.323490E-04
   1.323490E-04    1.323490E-04    1.323490E-04    1.323490E-04    1.323490E-04    1.323490E-04    1.323490E-04    1.323490E-04    1.323490E-04    1.323490E-04    1.323490E-04    1.323490E-04    1.323490E-04    1.323490E-04    1.323490E-04    1.323490E-04    1.323490E-04    1.323490E-04    1.323490E-04    1.323490E-04
   1.323490E-04    1.323490E-04    1.323490E-04    1.323490E-04    1.323490E-04    1.323490E-04    1.323490E-04    1.323490E-04    1.323490E-04    1.323490E-04    1.323490E-04    1.323490E-04    1.323490E-04    1.323490E-04    1.323490E-04    1.323490E-04    1.323490E-04    1.323490E-04    1.323490E-04    1.323490E-04
   1.323490E-04    1.323490E-04    1.323490E-04    1.323490E-04    1.323490E-04    1.323490E-04    1.323490E-04    1.323490E-04    1.323490E-04    1.323490E-04    1.323490E-04    1.323490E-04    1.323490E-04    1.323490E-04    1.323490E-04    1.323490E-04    1.323490E-04    1.323490E-04    1.323490E-04    1.323490E-04
   1.323490E-04    1.323490E-04    1.323490E-04    1.323490E-04    1.323490E-04    1.323490E-04    1.323490E-04    1.323490E-04    1.323490E-04    1.323490E-04    1.323490E-04    1.323490E-04    1.323490E-04    1.323490E-04    1.323490E-04    1.323490E-04    1.323490E-04    1.323490E-04    1.323490E-04    1.323490E-04
   1.323490E-04    1.323490E-04    1.323490E-04    1.323490E-04    1.323490E-04    1.323490E-04    1.323490E-04    1.323490E-04    1.323490E-04    1.323490E-04    1.323490E-04    1.323490E-04    1.323490E-04    1.323490E-04    1.323490E-04    1.323490E-04    1.323490E-04    1.323490E-04    1.323490E-04    1.323490E-04
   1.323490E-04    1.323490E-04    1.323490E-04    1.323490E-04    1.323490E-04    1.323490E-04    1.323490E-04    1.323490E-04    1.323490E-04    1.323490E-04    1.323490E-04    1.323490E-04    1.323490E-04    1.323490E-04    1.323490E-04    1.323490E-04    1.323490E-04    1.323490E-04    1.323490E-04    1.323490E-04
   1.323490E-04    1.323490E-04    1.323490E-04    1.323490E-04    1.323490E-04    1.323490E-04    1.323490E-04    1.323490E-04    1.323490E-04    1.323490E-04    1.323490E-04    1.323490E-04    1.323490E-04    1.323490E-04    1.323490E-04    1.323490E-04    1.323490E-04    1.323490E-04    1.323490E-04    1.323490E-04
   1.323490E-04    1.323490E-04    1.323490E-04    1.323490E-04    1.323490E-04    1.323490E-04    1.323490E-04    1.323490E-04    1.323490E-04    1.323490E-04    1.323490E-04    1.323490E-04    1.323490E-04    1.323490E-04    1.323490E-04    1.323490E-04    1.323490E-04    1.323490E-04    1.323490E-04    1.323490E-04
   1.323490E-04    1.323490E-04    1.323490E-04    1.323490E-04    1.323490E-04    1.323490E-04    1.323490E-04    1.323490E-04    1.323490E-04    1.323490E-04    1.323490E-04    1.323490E-04    1.323490E-04    1.323490E-04    1.323490E-04    1.323490E-04    1.323490E-04    1.323490E-04    1.323490E-04    1.323490E-04
   1.323490E-04    1.323490E-04    1.323490E-04    1.323490E-04    1.323490E-04    1.323490E-04    1.323490E-04    1.323490E-04    1.323490E-04    1.323490E-04    1.323490E-04    1.323490E-04    1.323490E-04    1.323490E-04    1.323490E-04    1.323490E-04    1.323490E-04    1.323490E-04    1.323490E-04    1.323490E-04
   1.323490E-04    1.323490E-04    1.323490E-04    1.323490E-04    1.323490E-04    1.323490E-04    1.323490E-04    1.323490E-04    1.323490E-04    1.323490E-04    1.323490E-04    1.323490E-04    1.323490E-04    1.323490E-04    1.323490E-04    1.323490E-04    1.323490E-04    1.323490E-04    1.323490E-04    1.323490E-04
   1.323490E-04    1.323490E-04    1.323490E-04    1.323490E-04    1.323490E-04    1.323490E-04    1.323490E-04    1.323490E-04    1.323490E-04    1.323490E-04    1.323490E-04    1.323490E-04    1.323490E-04    1.323490E-04    1.323490E-04    1.323490E-04    1.323490E-04    1.323490E-04    1.323490E-04    1.323490E-04
   1.323490E-04    1.323490E-04    1.323490E-04    1.323490E-04    1.323490E-04    1.323490E-04    1.323490E-04    1.323490E-04    1.323490E-04    1.323490E-04    1.323490E-04    1.323490E-04    1.323490E-04    1.323490E-04    1.323490E-04    1.323490E-04    1.323490E-04    1.323490E-04    1.323490E-04    1.323490E-04
   1.323490E-04    1.323490E-04    1.323490E-04    1.323490E-04    1.323490E-04    1.323490E-04    1.323490E-04    1.323490E-04    1.323490E-04    1.323490E-04    1.323490E-04    1.323490E-04    1.323490E-04    1.323490E-04    1.323490E-04    1.323490E-04    1.323490E-04    1.323490E-04    1.323490E-04    1.323490E-04
   1.323490E-04    1.323490E-04    1.323490E-04    1.323490E-04    1.323490E-04    1.323490E-04    1.323490E-04    1.323490E-04    1.323490E-04    1.323490E-04    1.323490E-04    1.323490E-04    1.323490E-04    1.323490E-04    1.323490E-04    1.323490E-04    1.323490E-04    1.323490E-04    1.323490E-04    1.323490E-04
   1.323490E-04    1.323490E-04    1.323490E-04    1.323490E-04    1.323490E-04    1.323490E-04    1.323490E-04    1.323490E-04    1.323490E-04    1.323490E-04    1.323490E-04    1.323490E-04    1.323490E-04    1.323490E-04    1.323490E-04    1.323490E-04    1.323490E-04    1.323490E-04    1.323490E-04    1.323490E-04
   1.323490E-04    1.323490E-04    1.323490E-04    1.323490E-04    1.323490E-04    1.323490E-04    1.323490E-04    1.323490E-04    1.323490E-04    1.323490E-04    1.323490E-04    1.323490E-04    1.323490E-04    1.323490E-04    1.323490E-04    1.323490E-04    1.323490E-04    1.323490E-04    1.323490E-04    1.323490E-04
   1.323490E-04    1.323490E-04    1.323490E-04    1.323490E-04    1.323490E-04    1.323490E-04    1.323490E-04    1.323490E-04    1.323490E-04    1.323490E-04    1.323490E-04    1.323490E-04    1.323490E-04    1.323490E-04    1.323490E-04    1.323490E-04    1.323490E-04    1.323490E-04    1.323490E-04    1.323490E-04
   1.323490E-04    1.323490E-04    1.323490E-04    1.323490E-04    1.323490E-04    1.323490E-04    1.323490E-04    1.323490E-04    1.323490E-04    1.323490E-04    1.323490E-04    1.323490E-04    1.323490E-04    1.323490E-04    1.323490E-04    1.323490E-04    1.323490E-04    1.323490E-04    1.323490E-04    1.323490E-04
   1.323490E-04    1.323490E-04    1.323490E-04    1.323490E-04    1.323490E-04    1.323490E-04    1.323490E-04    1.323490E-04    1.323490E-04    1.323490E-04    1.323490E-04    1.323490E-04    1.323490E-04    1.323490E-04    1.323490E-04    1.323490E-04    1.323490E-04    1.323490E-04    1.323490E-04    1.323490E-04
   1.323490E-04    1.323490E-04    1.323490E-04    1.323490E-04    1.323490E-04    1.323490E-04    1.323490E-04    1.323490E-04    1.323490E-04    1.323490E-04    1.323490E-04    1.323490E-04    1.323490E-04    1.323490E-04    1.323490E-04    1.323490E-04    1.323490E-04    1.323490E-04    1.323490E-04    1.323490E-04
   1.323490E-04    1.323490E-04    1.323490E-04    1.323490E-04    1.323490E-04    1.323490E-04    1.323490E-04    1.323490E-04    1.323490E-04    1.323490E-04    1.323490E-04    1.323490E-04    1.323490E-04    1.323490E-04    1.323490E-04    1.323490E-04    1.323490E-04    1.323490E-04    1.323490E-04    1.323490E-04
   1.323490E-04    1.323490E-04    1.323490E-04    1.323490E-04    1.323490E-04    1.323490E-04    1.323490E-04    1.323490E-04    1.323490E-04    1.323490E-04    1.323490E-04    1.323490E-04    1.323490E-04    1.323490E-04    1.323490E-04    1.323490E-04    1.323490E-04    1.323490E-04    1.323490E-04    1.323490E-04
   1.323490E-04    1.323490E-04    1.323490E-04    1.323490E-04    1.323490E-04    1.323490E-04    1.323490E-04    1.323490E-04    1.323490E-04    1.323490E-04    1.323490E-04    1.323490E-04    1.323490E-04    1.323490E-04    1.323490E-04    1.323490E-04    1.323490E-04    1.323490E-04    1.323490E-04    1.323490E-04
   1.323490E-04    1.323490E-04    1.323490E-04    1.323490E-04    1.323490E-04    1.323490E-04    1.323490E-04    1.323490E-04    1.323490E-04    1.323490E-04    1.323490E-04    1.323490E-04    1.323490E-04    1.323490E-04    1.323490E-04    1.323490E-04    1.323490E-04    1.323490E-04    1.323490E-04    1.323490E-04
   1.323490E-04    1.323490E-04    1.323490E-04    1.323490E-04    1.323490E-04    1.323490E-04    1.323490E-04    1.323490E-04    1.323490E-04    1.323490E-04    1.323490E-04    1.323490E-04    1.323490E-04    1.323490E-04    1.323490E-04    1.323490E-04    1.323490E-04    1.323490E-04    1.323490E-04    1.323490E-04
   1.323490E-04    1.323490E-04    1.323490E-04    1.323490E-04    1.323490E-04    1.323490E-04    1.323490E-04    1.323490E-04    1.323490E-04    1.323490E-04    1.323490E-04    1.323490E-04    1.323490E-04    1.323490E-04    1.323490E-04    1.323490E-04    1.323490E-04    1.323490E-04    1.323490E-04    1.323490E-04
   1.323490E-04    1.323490E-04    1.323490E-04    1.323490E-04    1.323490E-04    1.323490E-04    1.323490E-04    1.323490E-04    1.323490E-04    1.323490E-04    1.323490E-04    1.323490E-04    1.323490E-04    1.323490E-04    1.323490E-04    1.323490E-04    1.323490E-04    1.323490E-04    1.323490E-04    1.323490E-04
   1.323490E-04    1.323490E-04    1.323490E-04    1.323490E-04    1.323490E-04    1.323490E-04    1.323490E-04    1.323490E-04    1.323490E-04    1.323490E-04    1.323490E-04    1.323490E-04    1.323490E-04    1.323490E-04    1.323490E-04    1.323490E-04    1.323490E-04    1.323490E-04    1.323490E-04    1.323490E-04
   1.323490E-04    1.323490E-04    1.323490E-04    1.323490E-04    1.323490E-04    1.323490E-04    1.323490E-04    1.323490E-04    1.323490E-04    1.323490E-04    1.323490E-04    1.323490E-04    1.323490E-04    1.323490E-04    1.323490E-04    1.323490E-04    1.323490E-04    1.323490E-04    1.323490E-04    1.323490E-04
   1.323490E-04    1.323490E-04    1.323490E-04    1.323490E-04    1.323490E-04    1.323490E-04    1.323490E-04    1.323490E-04    1.323490E-04    1.323490E-04    1.323490E-04    1.323490E-04    1.323490E-04    1.323490E-04    1.323490E-04    1.323490E-04    1.323490E-04    1.323490E-04    1.323490E-04    1.323490E-04
   1.323490E-04    1.323490E-04    1.323490E-04    1.323490E-04    1.323490E-04    1.323490E-04    1.323490E-04    1.323490E-04    1.323490E-04    1.323490E-04    1.323490E-04    1.323490E-04    1.323490E-04    1.323490E-04    1.323490E-04    1.323490E-04    1.323490E-04    1.323490E-04    1.323490E-04    1.323490E-04
   1.323490E-04    1.323490E-04    1.323490E-04    1.323490E-04    1.323490E-04    1.323490E-04    1.323490E-04    1.323490E-04    1.323490E-04    1.323490E-04    1.323490E-04    1.323490E-04    1.323490E-04    1.323490E-04    1.323490E-04    1.323490E-04    1.323490E-04    1.323490E-04    1.323490E-04    1.323490E-04
   1.323490E-04    1.323490E-04    1.323490E-04    1.323490E-04    1.323490E-04    1.323490E-04    1.323490E-04    1.323490E-04    1.323490E-04    1.323490E-04    1.323490E-04    1.323490E-04    1.323490E-04    1.323490E-04    1.323490E-04    1.323490E-04    1.323490E-04    1.323490E-04    1.323490E-04    1.323490E-04
   1.323490E-04    1.323490E-04    1.323490E-04    1.323490E-04    1.323490E-04    1.323490E-04    1.323490E-04    1.323490E-04    1.323490E-04    1.323490E-04    1.323490E-04    1.323490E-04    1.323490E-04    1.323490E-04    1.323490E-04    1.323490E-04    1.323490E-04    1.323490E-04    1.323490E-04    1.323490E-04
   1.323490E-04    1.323490E-04    1.323490E-04    1.323490E-04    1.323490E-04    1.323490E-04    1.323490E-04    1.323490E-04    1.323490E-04    1.323490E-04    1.323490E-04    1.323490E-04    1.323490E-04    1.323490E-04    1.323490E-04    1.323490E-04    1.323490E-04    1.323490E-04    1.323490E-04    1.323490E-04
   1.323490E-04    1.323490E-04    1.323490E-04    1.323490E-04    1.323490E-04    1.323490E-04    1.323490E-04    1.323490E-04    1.323490E-04    1.323490E-04    1.323490E-04    1.323490E-04    1.323490E-04    1.323490E-04    1.323490E-04    1.323490E-04    1.323490E-04    1.323490E-04    1.323490E-04    1.323490E-04
