   1.612780E-04    1.612780E-04    1.612780E-04    1.612780E-04    1.612780E-04    1.612780E-04    1.612780E-04    1.612780E-04    1.612780E-04    1.612780E-04    1.612780E-04    1.612780E-04    1.612780E-04    1.612780E-04    1.612780E-04    1.612780E-04    1.612780E-04    1.612780E-04    1.612780E-04    1.612780E-04
   1.612780E-04    1.612780E-04    1.612780E-04    1.612780E-04    1.612780E-04    1.612780E-04    1.612780E-04    1.612780E-04    1.612780E-04    1.612780E-04    1.612780E-04    1.612780E-04    1.612780E-04    1.612780E-04    1.612780E-04    1.612780E-04    1.612780E-04    1.612780E-04    1.612780E-04    1.612780E-04
   1.612780E-04    1.612780E-04    1.612780E-04    1.612780E-04    1.612780E-04    1.612780E-04    1.612780E-04    1.612780E-04    1.612780E-04    1.612780E-04    1.612780E-04    1.612780E-04    1.612780E-04    1.612780E-04    1.612780E-04    1.612780E-04    1.612780E-04    1.612780E-04    1.612780E-04    1.612780E-04
   1.612780E-04    1.612780E-04    1.612780E-04    1.612780E-04    1.612780E-04    1.612780E-04    1.612780E-04    1.612780E-04    1.612780E-04    1.612780E-04    1.612780E-04    1.612780E-04    1.612780E-04    1.612780E-04    1.612780E-04    1.612780E-04    1.612780E-04    1.612780E-04    1.612780E-04    1.612780E-04
   1.612780E-04    1.612780E-04    1.612780E-04    1.612780E-04    1.612780E-04    1.612780E-04    1.612780E-04    1.612780E-04    1.612780E-04    1.612780E-04    1.612780E-04    1.612780E-04    1.612780E-04    1.612780E-04    1.612780E-04    1.612780E-04    1.612780E-04    1.612780E-04    1.612780E-04    1.612780E-04
   1.612780E-04    1.612780E-04    1.612780E-04    1.612780E-04    1.612780E-04    1.612780E-04    1.612780E-04    1.612780E-04    1.612780E-04    1.612780E-04    1.612780E-04    1.612780E-04    1.612780E-04    1.612780E-04    1.612780E-04    1.612780E-04    1.612780E-04    1.612780E-04    1.612780E-04    1.612780E-04
   1.612780E-04    1.612780E-04    1.612780E-04    1.612780E-04    1.612780E-04    1.612780E-04    1.612780E-04    1.612780E-04    1.612780E-04    1.612780E-04    1.612780E-04    1.612780E-04    1.612780E-04    1.612780E-04    1.612780E-04    1.612780E-04    1.612780E-04    1.612780E-04    1.612780E-04    1.612780E-04
   1.612780E-04    1.612780E-04    1.612780E-04    1.612780E-04    1.612780E-04    1.612780E-04    1.612780E-04    1.612780E-04    1.612780E-04    1.612780E-04    1.612780E-04    1.612780E-04    1.612780E-04    1.612780E-04    1.612780E-04    1.612780E-04    1.612780E-04    1.612780E-04    1.612780E-04    1.612780E-04
   1.612780E-04    1.612780E-04    1.612780E-04    1.612780E-04    1.612780E-04    1.612780E-04    1.612780E-04    1.612780E-04    1.612780E-04    1.612780E-04    1.612780E-04    1.612780E-04    1.612780E-04    1.612780E-04    1.612780E-04    1.612780E-04    1.612780E-04    1.612780E-04    1.612780E-04    1.612780E-04
   1.612780E-04    1.612780E-04    1.612780E-04    1.612780E-04    1.612780E-04    1.612780E-04    1.612780E-04    1.612780E-04    1.612780E-04    1.612780E-04    1.612780E-04    1.612780E-04    1.612780E-04    1.612780E-04    1.612780E-04    1.612780E-04    1.612780E-04    1.612780E-04    1.612780E-04    1.612780E-04
   1.612780E-04    1.612780E-04    1.612780E-04    1.612780E-04    1.612780E-04    1.612780E-04    1.612780E-04    1.612780E-04    1.612780E-04    1.612780E-04    1.612780E-04    1.612780E-04    1.612780E-04    1.612780E-04    1.612780E-04    1.612780E-04    1.612780E-04    1.612780E-04    1.612780E-04    1.612780E-04
   1.612780E-04    1.612780E-04    1.612780E-04    1.612780E-04    1.612780E-04    1.612780E-04    1.612780E-04    1.612780E-04    1.612780E-04    1.612780E-04    1.612780E-04    1.612780E-04    1.612780E-04    1.612780E-04    1.612780E-04    1.612780E-04    1.612780E-04    1.612780E-04    1.612780E-04    1.612780E-04
   1.612780E-04    1.612780E-04    1.612780E-04    1.612780E-04    1.612780E-04    1.612780E-04    1.612780E-04    1.612780E-04    1.612780E-04    1.612780E-04    1.612780E-04    1.612780E-04    1.612780E-04    1.612780E-04    1.612780E-04    1.612780E-04    1.612780E-04    1.612780E-04    1.612780E-04    1.612780E-04
   1.612780E-04    1.612780E-04    1.612780E-04    1.612780E-04    1.612780E-04    1.612780E-04    1.612780E-04    1.612780E-04    1.612780E-04    1.612780E-04    1.612780E-04    1.612780E-04    1.612780E-04    1.612780E-04    1.612780E-04    1.612780E-04    1.612780E-04    1.612780E-04    1.612780E-04    1.612780E-04
   1.612780E-04    1.612780E-04    1.612780E-04    1.612780E-04    1.612780E-04    1.612780E-04    1.612780E-04    1.612780E-04    1.612780E-04    1.612780E-04    1.612780E-04    1.612780E-04    1.612780E-04    1.612780E-04    1.612780E-04    1.612780E-04    1.612780E-04    1.612780E-04    1.612780E-04    1.612780E-04
   1.612780E-04    1.612780E-04    1.612780E-04    1.612780E-04    1.612780E-04    1.612780E-04    1.612780E-04    1.612780E-04    1.612780E-04    1.612780E-04    1.612780E-04    1.612780E-04    1.612780E-04    1.612780E-04    1.612780E-04    1.612780E-04    1.612780E-04    1.612780E-04    1.612780E-04    1.612780E-04
   1.612780E-04    1.612780E-04    1.612780E-04    1.612780E-04    1.612780E-04    1.612780E-04    1.612780E-04    1.612780E-04    1.612780E-04    1.612780E-04    1.612780E-04    1.612780E-04    1.612780E-04    1.612780E-04    1.612780E-04    1.612780E-04    1.612780E-04    1.612780E-04    1.612780E-04    1.612780E-04
   1.612780E-04    1.612780E-04    1.612780E-04    1.612780E-04    1.612780E-04    1.612780E-04    1.612780E-04    1.612780E-04    1.612780E-04    1.612780E-04    1.612780E-04    1.612780E-04    1.612780E-04    1.612780E-04    1.612780E-04    1.612780E-04    1.612780E-04    1.612780E-04    1.612780E-04    1.612780E-04
   1.612780E-04    1.612780E-04    1.612780E-04    1.612780E-04    1.612780E-04    1.612780E-04    1.612780E-04    1.612780E-04    1.612780E-04    1.612780E-04    1.612780E-04    1.612780E-04    1.612780E-04    1.612780E-04    1.612780E-04    1.612780E-04    1.612780E-04    1.612780E-04    1.612780E-04    1.612780E-04
   1.612780E-04    1.612780E-04    1.612780E-04    1.612780E-04    1.612780E-04    1.612780E-04    1.612780E-04    1.612780E-04    1.612780E-04    1.612780E-04    1.612780E-04    1.612780E-04    1.612780E-04    1.612780E-04    1.612780E-04    1.612780E-04    1.612780E-04    1.612780E-04    1.612780E-04    1.612780E-04
   1.612780E-04    1.612780E-04    1.612780E-04    1.612780E-04    1.612780E-04    1.612780E-04    1.612780E-04    1.612780E-04    1.612780E-04    1.612780E-04    1.612780E-04    1.612780E-04    1.612780E-04    1.612780E-04    1.612780E-04    1.612780E-04    1.612780E-04    1.612780E-04    1.612780E-04    1.612780E-04
   1.612780E-04    1.612780E-04    1.612780E-04    1.612780E-04    1.612780E-04    1.612780E-04    1.612780E-04    1.612780E-04    1.612780E-04    1.612780E-04    1.612780E-04    1.612780E-04    1.612780E-04    1.612780E-04    1.612780E-04    1.612780E-04    1.612780E-04    1.612780E-04    1.612780E-04    1.612780E-04
   1.612780E-04    1.612780E-04    1.612780E-04    1.612780E-04    1.612780E-04    1.612780E-04    1.612780E-04    1.612780E-04    1.612780E-04    1.612780E-04    1.612780E-04    1.612780E-04    1.612780E-04    1.612780E-04    1.612780E-04    1.612780E-04    1.612780E-04    1.612780E-04    1.612780E-04    1.612780E-04
   1.612780E-04    1.612780E-04    1.612780E-04    1.612780E-04    1.612780E-04    1.612780E-04    1.612780E-04    1.612780E-04    1.612780E-04    1.612780E-04    1.612780E-04    1.612780E-04    1.612780E-04    1.612780E-04    1.612780E-04    1.612780E-04    1.612780E-04    1.612780E-04    1.612780E-04    1.612780E-04
   1.612780E-04    1.612780E-04    1.612780E-04    1.612780E-04    1.612780E-04    1.612780E-04    1.612780E-04    1.612780E-04    1.612780E-04    1.612780E-04    1.612780E-04    1.612780E-04    1.612780E-04    1.612780E-04    1.612780E-04    1.612780E-04    1.612780E-04    1.612780E-04    1.612780E-04    1.612780E-04
   1.612780E-04    1.612780E-04    1.612780E-04    1.612780E-04    1.612780E-04    1.612780E-04    1.612780E-04    1.612780E-04    1.612780E-04    1.612780E-04    1.612780E-04    1.612780E-04    1.612780E-04    1.612780E-04    1.612780E-04    1.612780E-04    1.612780E-04    1.612780E-04    1.612780E-04    1.612780E-04
   1.612780E-04    1.612780E-04    1.612780E-04    1.612780E-04    1.612780E-04    1.612780E-04    1.612780E-04    1.612780E-04    1.612780E-04    1.612780E-04    1.612780E-04    1.612780E-04    1.612780E-04    1.612780E-04    1.612780E-04    1.612780E-04    1.612780E-04    1.612780E-04    1.612780E-04    1.612780E-04
   1.612780E-04    1.612780E-04    1.612780E-04    1.612780E-04    1.612780E-04    1.612780E-04    1.612780E-04    1.612780E-04    1.612780E-04    1.612780E-04    1.612780E-04    1.612780E-04    1.612780E-04    1.612780E-04    1.612780E-04    1.612780E-04    1.612780E-04    1.612780E-04    1.612780E-04    1.612780E-04
   1.612780E-04    1.612780E-04    1.612780E-04    1.612780E-04    1.612780E-04    1.612780E-04    1.612780E-04    1.612780E-04    1.612780E-04    1.612780E-04    1.612780E-04    1.612780E-04    1.612780E-04    1.612780E-04    1.612780E-04    1.612780E-04    1.612780E-04    1.612780E-04    1.612780E-04    1.612780E-04
   1.612780E-04    1.612780E-04    1.612780E-04    1.612780E-04    1.612780E-04    1.612780E-04    1.612780E-04    1.612780E-04    1.612780E-04    1.612780E-04    1.612780E-04    1.612780E-04    1.612780E-04    1.612780E-04    1.612780E-04    1.612780E-04    1.612780E-04    1.612780E-04    1.612780E-04    1.612780E-04
   1.612780E-04    1.612780E-04    1.612780E-04    1.612780E-04    1.612780E-04    1.612780E-04    1.612780E-04    1.612780E-04    1.612780E-04    1.612780E-04    1.612780E-04    1.612780E-04    1.612780E-04    1.612780E-04    1.612780E-04    1.612780E-04    1.612780E-04    1.612780E-04    1.612780E-04    1.612780E-04
   1.612780E-04    1.612780E-04    1.612780E-04    1.612780E-04    1.612780E-04    1.612780E-04    1.612780E-04    1.612780E-04    1.612780E-04    1.612780E-04    1.612780E-04    1.612780E-04    1.612780E-04    1.612780E-04    1.612780E-04    1.612780E-04    1.612780E-04    1.612780E-04    1.612780E-04    1.612780E-04
   1.612780E-04    1.612780E-04    1.612780E-04    1.612780E-04    1.612780E-04    1.612780E-04    1.612780E-04    1.612780E-04    1.612780E-04    1.612780E-04    1.612780E-04    1.612780E-04    1.612780E-04    1.612780E-04    1.612780E-04    1.612780E-04    1.612780E-04    1.612780E-04    1.612780E-04    1.612780E-04
   1.612780E-04    1.612780E-04    1.612780E-04    1.612780E-04    1.612780E-04    1.612780E-04    1.612780E-04    1.612780E-04    1.612780E-04    1.612780E-04    1.612780E-04    1.612780E-04    1.612780E-04    1.612780E-04    1.612780E-04    1.612780E-04    1.612780E-04    1.612780E-04    1.612780E-04    1.612780E-04
   1.612780E-04    1.612780E-04    1.612780E-04    1.612780E-04    1.612780E-04    1.612780E-04    1.612780E-04    1.612780E-04    1.612780E-04    1.612780E-04    1.612780E-04    1.612780E-04    1.612780E-04    1.612780E-04    1.612780E-04    1.612780E-04    1.612780E-04    1.612780E-04    1.612780E-04    1.612780E-04
   1.612780E-04    1.612780E-04    1.612780E-04    1.612780E-04    1.612780E-04    1.612780E-04    1.612780E-04    1.612780E-04    1.612780E-04    1.612780E-04    1.612780E-04    1.612780E-04    1.612780E-04    1.612780E-04    1.612780E-04    1.612780E-04    1.612780E-04    1.612780E-04    1.612780E-04    1.612780E-04
   1.612780E-04    1.612780E-04    1.612780E-04    1.612780E-04    1.612780E-04    1.612780E-04    1.612780E-04    1.612780E-04    1.612780E-04    1.612780E-04    1.612780E-04    1.612780E-04    1.612780E-04    1.612780E-04    1.612780E-04    1.612780E-04    1.612780E-04    1.612780E-04    1.612780E-04    1.612780E-04
   1.612780E-04    1.612780E-04    1.612780E-04    1.612780E-04    1.612780E-04    1.612780E-04    1.612780E-04    1.612780E-04    1.612780E-04    1.612780E-04    1.612780E-04    1.612780E-04    1.612780E-04    1.612780E-04    1.612780E-04    1.612780E-04    1.612780E-04    1.612780E-04    1.612780E-04    1.612780E-04
   1.612780E-04    1.612780E-04    1.612780E-04    1.612780E-04    1.612780E-04    1.612780E-04    1.612780E-04    1.612780E-04    1.612780E-04    1.612780E-04    1.612780E-04    1.612780E-04    1.612780E-04    1.612780E-04    1.612780E-04    1.612780E-04    1.612780E-04    1.612780E-04    1.612780E-04    1.612780E-04
   1.612780E-04    1.612780E-04    1.612780E-04    1.612780E-04    1.612780E-04    1.612780E-04    1.612780E-04    1.612780E-04    1.612780E-04    1.612780E-04    1.612780E-04    1.612780E-04    1.612780E-04    1.612780E-04    1.612780E-04    1.612780E-04    1.612780E-04    1.612780E-04    1.612780E-04    1.612780E-04
