   2.987898E-05    2.987898E-05    2.987898E-05    2.987898E-05    2.987898E-05    2.987898E-05    2.987898E-05    2.987898E-05    2.987898E-05    2.987898E-05    2.987898E-05    2.987898E-05    2.987898E-05    2.987898E-05    2.987898E-05    2.987898E-05    2.987898E-05    2.987898E-05    2.987898E-05    2.987898E-05
   2.987898E-05    2.987898E-05    2.987898E-05    2.987898E-05    2.987898E-05    2.987898E-05    2.987898E-05    2.987898E-05    2.987898E-05    2.987898E-05    2.987898E-05    2.987898E-05    2.987898E-05    2.987898E-05    2.987898E-05    2.987898E-05    2.987898E-05    2.987898E-05    2.987898E-05    2.987898E-05
   2.987898E-05    2.987898E-05    2.987898E-05    2.987898E-05    2.987898E-05    2.987898E-05    2.987898E-05    2.987898E-05    2.987898E-05    2.987898E-05    2.987898E-05    2.987898E-05    2.987898E-05    2.987898E-05    2.987898E-05    2.987898E-05    2.987898E-05    2.987898E-05    2.987898E-05    2.987898E-05
   2.987898E-05    2.987898E-05    2.987898E-05    2.987898E-05    2.987898E-05    2.987898E-05    2.987898E-05    2.987898E-05    2.987898E-05    2.987898E-05    2.987898E-05    2.987898E-05    2.987898E-05    2.987898E-05    2.987898E-05    2.987898E-05    2.987898E-05    2.987898E-05    2.987898E-05    2.987898E-05
   2.987898E-05    2.987898E-05    2.987898E-05    2.987898E-05    2.987898E-05    2.987898E-05    2.987898E-05    2.987898E-05    2.987898E-05    2.987898E-05    2.987898E-05    2.987898E-05    2.987898E-05    2.987898E-05    2.987898E-05    2.987898E-05    2.987898E-05    2.987898E-05    2.987898E-05    2.987898E-05
   2.987898E-05    2.987898E-05    2.987898E-05    2.987898E-05    2.987898E-05    2.987898E-05    2.987898E-05    2.987898E-05    2.987898E-05    2.987898E-05    2.987898E-05    2.987898E-05    2.987898E-05    2.987898E-05    2.987898E-05    2.987898E-05    2.987898E-05    2.987898E-05    2.987898E-05    2.987898E-05
   2.987898E-05    2.987898E-05    2.987898E-05    2.987898E-05    2.987898E-05    2.987898E-05    2.987898E-05    2.987898E-05    2.987898E-05    2.987898E-05    2.987898E-05    2.987898E-05    2.987898E-05    2.987898E-05    2.987898E-05    2.987898E-05    2.987898E-05    2.987898E-05    2.987898E-05    2.987898E-05
   2.987898E-05    2.987898E-05    2.987898E-05    2.987898E-05    2.987898E-05    2.987898E-05    2.987898E-05    2.987898E-05    2.987898E-05    2.987898E-05    2.987898E-05    2.987898E-05    2.987898E-05    2.987898E-05    2.987898E-05    2.987898E-05    2.987898E-05    2.987898E-05    2.987898E-05    2.987898E-05
   2.987898E-05    2.987898E-05    2.987898E-05    2.987898E-05    2.987898E-05    2.987898E-05    2.987898E-05    2.987898E-05    2.987898E-05    2.987898E-05    2.987898E-05    2.987898E-05    2.987898E-05    2.987898E-05    2.987898E-05    2.987898E-05    2.987898E-05    2.987898E-05    2.987898E-05    2.987898E-05
   2.987898E-05    2.987898E-05    2.987898E-05    2.987898E-05    2.987898E-05    2.987898E-05    2.987898E-05    2.987898E-05    2.987898E-05    2.987898E-05    2.987898E-05    2.987898E-05    2.987898E-05    2.987898E-05    2.987898E-05    2.987898E-05    2.987898E-05    2.987898E-05    2.987898E-05    2.987898E-05
   2.987898E-05    2.987898E-05    2.987898E-05    2.987898E-05    2.987898E-05    2.987898E-05    2.987898E-05    2.987898E-05    2.987898E-05    2.987898E-05    2.987898E-05    2.987898E-05    2.987898E-05    2.987898E-05    2.987898E-05    2.987898E-05    2.987898E-05    2.987898E-05    2.987898E-05    2.987898E-05
   2.987898E-05    2.987898E-05    2.987898E-05    2.987898E-05    2.987898E-05    2.987898E-05    2.987898E-05    2.987898E-05    2.987898E-05    2.987898E-05    2.987898E-05    2.987898E-05    2.987898E-05    2.987898E-05    2.987898E-05    2.987898E-05    2.987898E-05    2.987898E-05    2.987898E-05    2.987898E-05
   2.987898E-05    2.987898E-05    2.987898E-05    2.987898E-05    2.987898E-05    2.987898E-05    2.987898E-05    2.987898E-05    2.987898E-05    2.987898E-05    2.987898E-05    2.987898E-05    2.987898E-05    2.987898E-05    2.987898E-05    2.987898E-05    2.987898E-05    2.987898E-05    2.987898E-05    2.987898E-05
   2.987898E-05    2.987898E-05    2.987898E-05    2.987898E-05    2.987898E-05    2.987898E-05    2.987898E-05    2.987898E-05    2.987898E-05    2.987898E-05    2.987898E-05    2.987898E-05    2.987898E-05    2.987898E-05    2.987898E-05    2.987898E-05    2.987898E-05    2.987898E-05    2.987898E-05    2.987898E-05
   2.987898E-05    2.987898E-05    2.987898E-05    2.987898E-05    2.987898E-05    2.987898E-05    2.987898E-05    2.987898E-05    2.987898E-05    2.987898E-05    2.987898E-05    2.987898E-05    2.987898E-05    2.987898E-05    2.987898E-05    2.987898E-05    2.987898E-05    2.987898E-05    2.987898E-05    2.987898E-05
   2.987898E-05    2.987898E-05    2.987898E-05    2.987898E-05    2.987898E-05    2.987898E-05    2.987898E-05    2.987898E-05    2.987898E-05    2.987898E-05    2.987898E-05    2.987898E-05    2.987898E-05    2.987898E-05    2.987898E-05    2.987898E-05    2.987898E-05    2.987898E-05    2.987898E-05    2.987898E-05
   2.987898E-05    2.987898E-05    2.987898E-05    2.987898E-05    2.987898E-05    2.987898E-05    2.987898E-05    2.987898E-05    2.987898E-05    2.987898E-05    2.987898E-05    2.987898E-05    2.987898E-05    2.987898E-05    2.987898E-05    2.987898E-05    2.987898E-05    2.987898E-05    2.987898E-05    2.987898E-05
   2.987898E-05    2.987898E-05    2.987898E-05    2.987898E-05    2.987898E-05    2.987898E-05    2.987898E-05    2.987898E-05    2.987898E-05    2.987898E-05    2.987898E-05    2.987898E-05    2.987898E-05    2.987898E-05    2.987898E-05    2.987898E-05    2.987898E-05    2.987898E-05    2.987898E-05    2.987898E-05
   2.987898E-05    2.987898E-05    2.987898E-05    2.987898E-05    2.987898E-05    2.987898E-05    2.987898E-05    2.987898E-05    2.987898E-05    2.987898E-05    2.987898E-05    2.987898E-05    2.987898E-05    2.987898E-05    2.987898E-05    2.987898E-05    2.987898E-05    2.987898E-05    2.987898E-05    2.987898E-05
   2.987898E-05    2.987898E-05    2.987898E-05    2.987898E-05    2.987898E-05    2.987898E-05    2.987898E-05    2.987898E-05    2.987898E-05    2.987898E-05    2.987898E-05    2.987898E-05    2.987898E-05    2.987898E-05    2.987898E-05    2.987898E-05    2.987898E-05    2.987898E-05    2.987898E-05    2.987898E-05
   2.987898E-05    2.987898E-05    2.987898E-05    2.987898E-05    2.987898E-05    2.987898E-05    2.987898E-05    2.987898E-05    2.987898E-05    2.987898E-05    2.987898E-05    2.987898E-05    2.987898E-05    2.987898E-05    2.987898E-05    2.987898E-05    2.987898E-05    2.987898E-05    2.987898E-05    2.987898E-05
   2.987898E-05    2.987898E-05    2.987898E-05    2.987898E-05    2.987898E-05    2.987898E-05    2.987898E-05    2.987898E-05    2.987898E-05    2.987898E-05    2.987898E-05    2.987898E-05    2.987898E-05    2.987898E-05    2.987898E-05    2.987898E-05    2.987898E-05    2.987898E-05    2.987898E-05    2.987898E-05
   2.987898E-05    2.987898E-05    2.987898E-05    2.987898E-05    2.987898E-05    2.987898E-05    2.987898E-05    2.987898E-05    2.987898E-05    2.987898E-05    2.987898E-05    2.987898E-05    2.987898E-05    2.987898E-05    2.987898E-05    2.987898E-05    2.987898E-05    2.987898E-05    2.987898E-05    2.987898E-05
   2.987898E-05    2.987898E-05    2.987898E-05    2.987898E-05    2.987898E-05    2.987898E-05    2.987898E-05    2.987898E-05    2.987898E-05    2.987898E-05    2.987898E-05    2.987898E-05    2.987898E-05    2.987898E-05    2.987898E-05    2.987898E-05    2.987898E-05    2.987898E-05    2.987898E-05    2.987898E-05
   2.987898E-05    2.987898E-05    2.987898E-05    2.987898E-05    2.987898E-05    2.987898E-05    2.987898E-05    2.987898E-05    2.987898E-05    2.987898E-05    2.987898E-05    2.987898E-05    2.987898E-05    2.987898E-05    2.987898E-05    2.987898E-05    2.987898E-05    2.987898E-05    2.987898E-05    2.987898E-05
   2.987898E-05    2.987898E-05    2.987898E-05    2.987898E-05    2.987898E-05    2.987898E-05    2.987898E-05    2.987898E-05    2.987898E-05    2.987898E-05    2.987898E-05    2.987898E-05    2.987898E-05    2.987898E-05    2.987898E-05    2.987898E-05    2.987898E-05    2.987898E-05    2.987898E-05    2.987898E-05
   2.987898E-05    2.987898E-05    2.987898E-05    2.987898E-05    2.987898E-05    2.987898E-05    2.987898E-05    2.987898E-05    2.987898E-05    2.987898E-05    2.987898E-05    2.987898E-05    2.987898E-05    2.987898E-05    2.987898E-05    2.987898E-05    2.987898E-05    2.987898E-05    2.987898E-05    2.987898E-05
   2.987898E-05    2.987898E-05    2.987898E-05    2.987898E-05    2.987898E-05    2.987898E-05    2.987898E-05    2.987898E-05    2.987898E-05    2.987898E-05    2.987898E-05    2.987898E-05    2.987898E-05    2.987898E-05    2.987898E-05    2.987898E-05    2.987898E-05    2.987898E-05    2.987898E-05    2.987898E-05
   2.987898E-05    2.987898E-05    2.987898E-05    2.987898E-05    2.987898E-05    2.987898E-05    2.987898E-05    2.987898E-05    2.987898E-05    2.987898E-05    2.987898E-05    2.987898E-05    2.987898E-05    2.987898E-05    2.987898E-05    2.987898E-05    2.987898E-05    2.987898E-05    2.987898E-05    2.987898E-05
   2.987898E-05    2.987898E-05    2.987898E-05    2.987898E-05    2.987898E-05    2.987898E-05    2.987898E-05    2.987898E-05    2.987898E-05    2.987898E-05    2.987898E-05    2.987898E-05    2.987898E-05    2.987898E-05    2.987898E-05    2.987898E-05    2.987898E-05    2.987898E-05    2.987898E-05    2.987898E-05
   2.987898E-05    2.987898E-05    2.987898E-05    2.987898E-05    2.987898E-05    2.987898E-05    2.987898E-05    2.987898E-05    2.987898E-05    2.987898E-05    2.987898E-05    2.987898E-05    2.987898E-05    2.987898E-05    2.987898E-05    2.987898E-05    2.987898E-05    2.987898E-05    2.987898E-05    2.987898E-05
   2.987898E-05    2.987898E-05    2.987898E-05    2.987898E-05    2.987898E-05    2.987898E-05    2.987898E-05    2.987898E-05    2.987898E-05    2.987898E-05    2.987898E-05    2.987898E-05    2.987898E-05    2.987898E-05    2.987898E-05    2.987898E-05    2.987898E-05    2.987898E-05    2.987898E-05    2.987898E-05
   2.987898E-05    2.987898E-05    2.987898E-05    2.987898E-05    2.987898E-05    2.987898E-05    2.987898E-05    2.987898E-05    2.987898E-05    2.987898E-05    2.987898E-05    2.987898E-05    2.987898E-05    2.987898E-05    2.987898E-05    2.987898E-05    2.987898E-05    2.987898E-05    2.987898E-05    2.987898E-05
   2.987898E-05    2.987898E-05    2.987898E-05    2.987898E-05    2.987898E-05    2.987898E-05    2.987898E-05    2.987898E-05    2.987898E-05    2.987898E-05    2.987898E-05    2.987898E-05    2.987898E-05    2.987898E-05    2.987898E-05    2.987898E-05    2.987898E-05    2.987898E-05    2.987898E-05    2.987898E-05
   2.987898E-05    2.987898E-05    2.987898E-05    2.987898E-05    2.987898E-05    2.987898E-05    2.987898E-05    2.987898E-05    2.987898E-05    2.987898E-05    2.987898E-05    2.987898E-05    2.987898E-05    2.987898E-05    2.987898E-05    2.987898E-05    2.987898E-05    2.987898E-05    2.987898E-05    2.987898E-05
   2.987898E-05    2.987898E-05    2.987898E-05    2.987898E-05    2.987898E-05    2.987898E-05    2.987898E-05    2.987898E-05    2.987898E-05    2.987898E-05    2.987898E-05    2.987898E-05    2.987898E-05    2.987898E-05    2.987898E-05    2.987898E-05    2.987898E-05    2.987898E-05    2.987898E-05    2.987898E-05
   2.987898E-05    2.987898E-05    2.987898E-05    2.987898E-05    2.987898E-05    2.987898E-05    2.987898E-05    2.987898E-05    2.987898E-05    2.987898E-05    2.987898E-05    2.987898E-05    2.987898E-05    2.987898E-05    2.987898E-05    2.987898E-05    2.987898E-05    2.987898E-05    2.987898E-05    2.987898E-05
   2.987898E-05    2.987898E-05    2.987898E-05    2.987898E-05    2.987898E-05    2.987898E-05    2.987898E-05    2.987898E-05    2.987898E-05    2.987898E-05    2.987898E-05    2.987898E-05    2.987898E-05    2.987898E-05    2.987898E-05    2.987898E-05    2.987898E-05    2.987898E-05    2.987898E-05    2.987898E-05
   2.987898E-05    2.987898E-05    2.987898E-05    2.987898E-05    2.987898E-05    2.987898E-05    2.987898E-05    2.987898E-05    2.987898E-05    2.987898E-05    2.987898E-05    2.987898E-05    2.987898E-05    2.987898E-05    2.987898E-05    2.987898E-05    2.987898E-05    2.987898E-05    2.987898E-05    2.987898E-05
   2.987898E-05    2.987898E-05    2.987898E-05    2.987898E-05    2.987898E-05    2.987898E-05    2.987898E-05    2.987898E-05    2.987898E-05    2.987898E-05    2.987898E-05    2.987898E-05    2.987898E-05    2.987898E-05    2.987898E-05    2.987898E-05    2.987898E-05    2.987898E-05    2.987898E-05    2.987898E-05
