   1.885167E-04    1.885167E-04    1.885167E-04    1.885167E-04    1.885167E-04    1.885167E-04    1.885167E-04    1.885167E-04    1.885167E-04    1.885167E-04    1.885167E-04    1.885167E-04    1.885167E-04    1.885167E-04    1.885167E-04    1.885167E-04    1.885167E-04    1.885167E-04    1.885167E-04    1.885167E-04
   1.885167E-04    1.885167E-04    1.885167E-04    1.885167E-04    1.885167E-04    1.885167E-04    1.885167E-04    1.885167E-04    1.885167E-04    1.885167E-04    1.885167E-04    1.885167E-04    1.885167E-04    1.885167E-04    1.885167E-04    1.885167E-04    1.885167E-04    1.885167E-04    1.885167E-04    1.885167E-04
   1.885167E-04    1.885167E-04    1.885167E-04    1.885167E-04    1.885167E-04    1.885167E-04    1.885167E-04    1.885167E-04    1.885167E-04    1.885167E-04    1.885167E-04    1.885167E-04    1.885167E-04    1.885167E-04    1.885167E-04    1.885167E-04    1.885167E-04    1.885167E-04    1.885167E-04    1.885167E-04
   1.885167E-04    1.885167E-04    1.885167E-04    1.885167E-04    1.885167E-04    1.885167E-04    1.885167E-04    1.885167E-04    1.885167E-04    1.885167E-04    1.885167E-04    1.885167E-04    1.885167E-04    1.885167E-04    1.885167E-04    1.885167E-04    1.885167E-04    1.885167E-04    1.885167E-04    1.885167E-04
   1.885167E-04    1.885167E-04    1.885167E-04    1.885167E-04    1.885167E-04    1.885167E-04    1.885167E-04    1.885167E-04    1.885167E-04    1.885167E-04    1.885167E-04    1.885167E-04    1.885167E-04    1.885167E-04    1.885167E-04    1.885167E-04    1.885167E-04    1.885167E-04    1.885167E-04    1.885167E-04
   1.885167E-04    1.885167E-04    1.885167E-04    1.885167E-04    1.885167E-04    1.885167E-04    1.885167E-04    1.885167E-04    1.885167E-04    1.885167E-04    1.885167E-04    1.885167E-04    1.885167E-04    1.885167E-04    1.885167E-04    1.885167E-04    1.885167E-04    1.885167E-04    1.885167E-04    1.885167E-04
   1.885167E-04    1.885167E-04    1.885167E-04    1.885167E-04    1.885167E-04    1.885167E-04    1.885167E-04    1.885167E-04    1.885167E-04    1.885167E-04    1.885167E-04    1.885167E-04    1.885167E-04    1.885167E-04    1.885167E-04    1.885167E-04    1.885167E-04    1.885167E-04    1.885167E-04    1.885167E-04
   1.885167E-04    1.885167E-04    1.885167E-04    1.885167E-04    1.885167E-04    1.885167E-04    1.885167E-04    1.885167E-04    1.885167E-04    1.885167E-04    1.885167E-04    1.885167E-04    1.885167E-04    1.885167E-04    1.885167E-04    1.885167E-04    1.885167E-04    1.885167E-04    1.885167E-04    1.885167E-04
   1.885167E-04    1.885167E-04    1.885167E-04    1.885167E-04    1.885167E-04    1.885167E-04    1.885167E-04    1.885167E-04    1.885167E-04    1.885167E-04    1.885167E-04    1.885167E-04    1.885167E-04    1.885167E-04    1.885167E-04    1.885167E-04    1.885167E-04    1.885167E-04    1.885167E-04    1.885167E-04
   1.885167E-04    1.885167E-04    1.885167E-04    1.885167E-04    1.885167E-04    1.885167E-04    1.885167E-04    1.885167E-04    1.885167E-04    1.885167E-04    1.885167E-04    1.885167E-04    1.885167E-04    1.885167E-04    1.885167E-04    1.885167E-04    1.885167E-04    1.885167E-04    1.885167E-04    1.885167E-04
   1.885167E-04    1.885167E-04    1.885167E-04    1.885167E-04    1.885167E-04    1.885167E-04    1.885167E-04    1.885167E-04    1.885167E-04    1.885167E-04    1.885167E-04    1.885167E-04    1.885167E-04    1.885167E-04    1.885167E-04    1.885167E-04    1.885167E-04    1.885167E-04    1.885167E-04    1.885167E-04
   1.885167E-04    1.885167E-04    1.885167E-04    1.885167E-04    1.885167E-04    1.885167E-04    1.885167E-04    1.885167E-04    1.885167E-04    1.885167E-04    1.885167E-04    1.885167E-04    1.885167E-04    1.885167E-04    1.885167E-04    1.885167E-04    1.885167E-04    1.885167E-04    1.885167E-04    1.885167E-04
   1.885167E-04    1.885167E-04    1.885167E-04    1.885167E-04    1.885167E-04    1.885167E-04    1.885167E-04    1.885167E-04    1.885167E-04    1.885167E-04    1.885167E-04    1.885167E-04    1.885167E-04    1.885167E-04    1.885167E-04    1.885167E-04    1.885167E-04    1.885167E-04    1.885167E-04    1.885167E-04
   1.885167E-04    1.885167E-04    1.885167E-04    1.885167E-04    1.885167E-04    1.885167E-04    1.885167E-04    1.885167E-04    1.885167E-04    1.885167E-04    1.885167E-04    1.885167E-04    1.885167E-04    1.885167E-04    1.885167E-04    1.885167E-04    1.885167E-04    1.885167E-04    1.885167E-04    1.885167E-04
   1.885167E-04    1.885167E-04    1.885167E-04    1.885167E-04    1.885167E-04    1.885167E-04    1.885167E-04    1.885167E-04    1.885167E-04    1.885167E-04    1.885167E-04    1.885167E-04    1.885167E-04    1.885167E-04    1.885167E-04    1.885167E-04    1.885167E-04    1.885167E-04    1.885167E-04    1.885167E-04
   1.885167E-04    1.885167E-04    1.885167E-04    1.885167E-04    1.885167E-04    1.885167E-04    1.885167E-04    1.885167E-04    1.885167E-04    1.885167E-04    1.885167E-04    1.885167E-04    1.885167E-04    1.885167E-04    1.885167E-04    1.885167E-04    1.885167E-04    1.885167E-04    1.885167E-04    1.885167E-04
   1.885167E-04    1.885167E-04    1.885167E-04    1.885167E-04    1.885167E-04    1.885167E-04    1.885167E-04    1.885167E-04    1.885167E-04    1.885167E-04    1.885167E-04    1.885167E-04    1.885167E-04    1.885167E-04    1.885167E-04    1.885167E-04    1.885167E-04    1.885167E-04    1.885167E-04    1.885167E-04
   1.885167E-04    1.885167E-04    1.885167E-04    1.885167E-04    1.885167E-04    1.885167E-04    1.885167E-04    1.885167E-04    1.885167E-04    1.885167E-04    1.885167E-04    1.885167E-04    1.885167E-04    1.885167E-04    1.885167E-04    1.885167E-04    1.885167E-04    1.885167E-04    1.885167E-04    1.885167E-04
   1.885167E-04    1.885167E-04    1.885167E-04    1.885167E-04    1.885167E-04    1.885167E-04    1.885167E-04    1.885167E-04    1.885167E-04    1.885167E-04    1.885167E-04    1.885167E-04    1.885167E-04    1.885167E-04    1.885167E-04    1.885167E-04    1.885167E-04    1.885167E-04    1.885167E-04    1.885167E-04
   1.885167E-04    1.885167E-04    1.885167E-04    1.885167E-04    1.885167E-04    1.885167E-04    1.885167E-04    1.885167E-04    1.885167E-04    1.885167E-04    1.885167E-04    1.885167E-04    1.885167E-04    1.885167E-04    1.885167E-04    1.885167E-04    1.885167E-04    1.885167E-04    1.885167E-04    1.885167E-04
   1.885167E-04    1.885167E-04    1.885167E-04    1.885167E-04    1.885167E-04    1.885167E-04    1.885167E-04    1.885167E-04    1.885167E-04    1.885167E-04    1.885167E-04    1.885167E-04    1.885167E-04    1.885167E-04    1.885167E-04    1.885167E-04    1.885167E-04    1.885167E-04    1.885167E-04    1.885167E-04
   1.885167E-04    1.885167E-04    1.885167E-04    1.885167E-04    1.885167E-04    1.885167E-04    1.885167E-04    1.885167E-04    1.885167E-04    1.885167E-04    1.885167E-04    1.885167E-04    1.885167E-04    1.885167E-04    1.885167E-04    1.885167E-04    1.885167E-04    1.885167E-04    1.885167E-04    1.885167E-04
   1.885167E-04    1.885167E-04    1.885167E-04    1.885167E-04    1.885167E-04    1.885167E-04    1.885167E-04    1.885167E-04    1.885167E-04    1.885167E-04    1.885167E-04    1.885167E-04    1.885167E-04    1.885167E-04    1.885167E-04    1.885167E-04    1.885167E-04    1.885167E-04    1.885167E-04    1.885167E-04
   1.885167E-04    1.885167E-04    1.885167E-04    1.885167E-04    1.885167E-04    1.885167E-04    1.885167E-04    1.885167E-04    1.885167E-04    1.885167E-04    1.885167E-04    1.885167E-04    1.885167E-04    1.885167E-04    1.885167E-04    1.885167E-04    1.885167E-04    1.885167E-04    1.885167E-04    1.885167E-04
   1.885167E-04    1.885167E-04    1.885167E-04    1.885167E-04    1.885167E-04    1.885167E-04    1.885167E-04    1.885167E-04    1.885167E-04    1.885167E-04    1.885167E-04    1.885167E-04    1.885167E-04    1.885167E-04    1.885167E-04    1.885167E-04    1.885167E-04    1.885167E-04    1.885167E-04    1.885167E-04
   1.885167E-04    1.885167E-04    1.885167E-04    1.885167E-04    1.885167E-04    1.885167E-04    1.885167E-04    1.885167E-04    1.885167E-04    1.885167E-04    1.885167E-04    1.885167E-04    1.885167E-04    1.885167E-04    1.885167E-04    1.885167E-04    1.885167E-04    1.885167E-04    1.885167E-04    1.885167E-04
   1.885167E-04    1.885167E-04    1.885167E-04    1.885167E-04    1.885167E-04    1.885167E-04    1.885167E-04    1.885167E-04    1.885167E-04    1.885167E-04    1.885167E-04    1.885167E-04    1.885167E-04    1.885167E-04    1.885167E-04    1.885167E-04    1.885167E-04    1.885167E-04    1.885167E-04    1.885167E-04
   1.885167E-04    1.885167E-04    1.885167E-04    1.885167E-04    1.885167E-04    1.885167E-04    1.885167E-04    1.885167E-04    1.885167E-04    1.885167E-04    1.885167E-04    1.885167E-04    1.885167E-04    1.885167E-04    1.885167E-04    1.885167E-04    1.885167E-04    1.885167E-04    1.885167E-04    1.885167E-04
   1.885167E-04    1.885167E-04    1.885167E-04    1.885167E-04    1.885167E-04    1.885167E-04    1.885167E-04    1.885167E-04    1.885167E-04    1.885167E-04    1.885167E-04    1.885167E-04    1.885167E-04    1.885167E-04    1.885167E-04    1.885167E-04    1.885167E-04    1.885167E-04    1.885167E-04    1.885167E-04
   1.885167E-04    1.885167E-04    1.885167E-04    1.885167E-04    1.885167E-04    1.885167E-04    1.885167E-04    1.885167E-04    1.885167E-04    1.885167E-04    1.885167E-04    1.885167E-04    1.885167E-04    1.885167E-04    1.885167E-04    1.885167E-04    1.885167E-04    1.885167E-04    1.885167E-04    1.885167E-04
   1.885167E-04    1.885167E-04    1.885167E-04    1.885167E-04    1.885167E-04    1.885167E-04    1.885167E-04    1.885167E-04    1.885167E-04    1.885167E-04    1.885167E-04    1.885167E-04    1.885167E-04    1.885167E-04    1.885167E-04    1.885167E-04    1.885167E-04    1.885167E-04    1.885167E-04    1.885167E-04
   1.885167E-04    1.885167E-04    1.885167E-04    1.885167E-04    1.885167E-04    1.885167E-04    1.885167E-04    1.885167E-04    1.885167E-04    1.885167E-04    1.885167E-04    1.885167E-04    1.885167E-04    1.885167E-04    1.885167E-04    1.885167E-04    1.885167E-04    1.885167E-04    1.885167E-04    1.885167E-04
   1.885167E-04    1.885167E-04    1.885167E-04    1.885167E-04    1.885167E-04    1.885167E-04    1.885167E-04    1.885167E-04    1.885167E-04    1.885167E-04    1.885167E-04    1.885167E-04    1.885167E-04    1.885167E-04    1.885167E-04    1.885167E-04    1.885167E-04    1.885167E-04    1.885167E-04    1.885167E-04
   1.885167E-04    1.885167E-04    1.885167E-04    1.885167E-04    1.885167E-04    1.885167E-04    1.885167E-04    1.885167E-04    1.885167E-04    1.885167E-04    1.885167E-04    1.885167E-04    1.885167E-04    1.885167E-04    1.885167E-04    1.885167E-04    1.885167E-04    1.885167E-04    1.885167E-04    1.885167E-04
   1.885167E-04    1.885167E-04    1.885167E-04    1.885167E-04    1.885167E-04    1.885167E-04    1.885167E-04    1.885167E-04    1.885167E-04    1.885167E-04    1.885167E-04    1.885167E-04    1.885167E-04    1.885167E-04    1.885167E-04    1.885167E-04    1.885167E-04    1.885167E-04    1.885167E-04    1.885167E-04
   1.885167E-04    1.885167E-04    1.885167E-04    1.885167E-04    1.885167E-04    1.885167E-04    1.885167E-04    1.885167E-04    1.885167E-04    1.885167E-04    1.885167E-04    1.885167E-04    1.885167E-04    1.885167E-04    1.885167E-04    1.885167E-04    1.885167E-04    1.885167E-04    1.885167E-04    1.885167E-04
   1.885167E-04    1.885167E-04    1.885167E-04    1.885167E-04    1.885167E-04    1.885167E-04    1.885167E-04    1.885167E-04    1.885167E-04    1.885167E-04    1.885167E-04    1.885167E-04    1.885167E-04    1.885167E-04    1.885167E-04    1.885167E-04    1.885167E-04    1.885167E-04    1.885167E-04    1.885167E-04
   1.885167E-04    1.885167E-04    1.885167E-04    1.885167E-04    1.885167E-04    1.885167E-04    1.885167E-04    1.885167E-04    1.885167E-04    1.885167E-04    1.885167E-04    1.885167E-04    1.885167E-04    1.885167E-04    1.885167E-04    1.885167E-04    1.885167E-04    1.885167E-04    1.885167E-04    1.885167E-04
   1.885167E-04    1.885167E-04    1.885167E-04    1.885167E-04    1.885167E-04    1.885167E-04    1.885167E-04    1.885167E-04    1.885167E-04    1.885167E-04    1.885167E-04    1.885167E-04    1.885167E-04    1.885167E-04    1.885167E-04    1.885167E-04    1.885167E-04    1.885167E-04    1.885167E-04    1.885167E-04
   1.885167E-04    1.885167E-04    1.885167E-04    1.885167E-04    1.885167E-04    1.885167E-04    1.885167E-04    1.885167E-04    1.885167E-04    1.885167E-04    1.885167E-04    1.885167E-04    1.885167E-04    1.885167E-04    1.885167E-04    1.885167E-04    1.885167E-04    1.885167E-04    1.885167E-04    1.885167E-04
