   1.724359E-04    1.724359E-04    1.724359E-04    1.724359E-04    1.724359E-04    1.724359E-04    1.724359E-04    1.724359E-04    1.724359E-04    1.724359E-04    1.724359E-04    1.724359E-04    1.724359E-04    1.724359E-04    1.724359E-04    1.724359E-04    1.724359E-04    1.724359E-04    1.724359E-04    1.724359E-04
   1.724359E-04    1.724359E-04    1.724359E-04    1.724359E-04    1.724359E-04    1.724359E-04    1.724359E-04    1.724359E-04    1.724359E-04    1.724359E-04    1.724359E-04    1.724359E-04    1.724359E-04    1.724359E-04    1.724359E-04    1.724359E-04    1.724359E-04    1.724359E-04    1.724359E-04    1.724359E-04
   1.724359E-04    1.724359E-04    1.724359E-04    1.724359E-04    1.724359E-04    1.724359E-04    1.724359E-04    1.724359E-04    1.724359E-04    1.724359E-04    1.724359E-04    1.724359E-04    1.724359E-04    1.724359E-04    1.724359E-04    1.724359E-04    1.724359E-04    1.724359E-04    1.724359E-04    1.724359E-04
   1.724359E-04    1.724359E-04    1.724359E-04    1.724359E-04    1.724359E-04    1.724359E-04    1.724359E-04    1.724359E-04    1.724359E-04    1.724359E-04    1.724359E-04    1.724359E-04    1.724359E-04    1.724359E-04    1.724359E-04    1.724359E-04    1.724359E-04    1.724359E-04    1.724359E-04    1.724359E-04
   1.724359E-04    1.724359E-04    1.724359E-04    1.724359E-04    1.724359E-04    1.724359E-04    1.724359E-04    1.724359E-04    1.724359E-04    1.724359E-04    1.724359E-04    1.724359E-04    1.724359E-04    1.724359E-04    1.724359E-04    1.724359E-04    1.724359E-04    1.724359E-04    1.724359E-04    1.724359E-04
   1.724359E-04    1.724359E-04    1.724359E-04    1.724359E-04    1.724359E-04    1.724359E-04    1.724359E-04    1.724359E-04    1.724359E-04    1.724359E-04    1.724359E-04    1.724359E-04    1.724359E-04    1.724359E-04    1.724359E-04    1.724359E-04    1.724359E-04    1.724359E-04    1.724359E-04    1.724359E-04
   1.724359E-04    1.724359E-04    1.724359E-04    1.724359E-04    1.724359E-04    1.724359E-04    1.724359E-04    1.724359E-04    1.724359E-04    1.724359E-04    1.724359E-04    1.724359E-04    1.724359E-04    1.724359E-04    1.724359E-04    1.724359E-04    1.724359E-04    1.724359E-04    1.724359E-04    1.724359E-04
   1.724359E-04    1.724359E-04    1.724359E-04    1.724359E-04    1.724359E-04    1.724359E-04    1.724359E-04    1.724359E-04    1.724359E-04    1.724359E-04    1.724359E-04    1.724359E-04    1.724359E-04    1.724359E-04    1.724359E-04    1.724359E-04    1.724359E-04    1.724359E-04    1.724359E-04    1.724359E-04
   1.724359E-04    1.724359E-04    1.724359E-04    1.724359E-04    1.724359E-04    1.724359E-04    1.724359E-04    1.724359E-04    1.724359E-04    1.724359E-04    1.724359E-04    1.724359E-04    1.724359E-04    1.724359E-04    1.724359E-04    1.724359E-04    1.724359E-04    1.724359E-04    1.724359E-04    1.724359E-04
   1.724359E-04    1.724359E-04    1.724359E-04    1.724359E-04    1.724359E-04    1.724359E-04    1.724359E-04    1.724359E-04    1.724359E-04    1.724359E-04    1.724359E-04    1.724359E-04    1.724359E-04    1.724359E-04    1.724359E-04    1.724359E-04    1.724359E-04    1.724359E-04    1.724359E-04    1.724359E-04
   1.724359E-04    1.724359E-04    1.724359E-04    1.724359E-04    1.724359E-04    1.724359E-04    1.724359E-04    1.724359E-04    1.724359E-04    1.724359E-04    1.724359E-04    1.724359E-04    1.724359E-04    1.724359E-04    1.724359E-04    1.724359E-04    1.724359E-04    1.724359E-04    1.724359E-04    1.724359E-04
   1.724359E-04    1.724359E-04    1.724359E-04    1.724359E-04    1.724359E-04    1.724359E-04    1.724359E-04    1.724359E-04    1.724359E-04    1.724359E-04    1.724359E-04    1.724359E-04    1.724359E-04    1.724359E-04    1.724359E-04    1.724359E-04    1.724359E-04    1.724359E-04    1.724359E-04    1.724359E-04
   1.724359E-04    1.724359E-04    1.724359E-04    1.724359E-04    1.724359E-04    1.724359E-04    1.724359E-04    1.724359E-04    1.724359E-04    1.724359E-04    1.724359E-04    1.724359E-04    1.724359E-04    1.724359E-04    1.724359E-04    1.724359E-04    1.724359E-04    1.724359E-04    1.724359E-04    1.724359E-04
   1.724359E-04    1.724359E-04    1.724359E-04    1.724359E-04    1.724359E-04    1.724359E-04    1.724359E-04    1.724359E-04    1.724359E-04    1.724359E-04    1.724359E-04    1.724359E-04    1.724359E-04    1.724359E-04    1.724359E-04    1.724359E-04    1.724359E-04    1.724359E-04    1.724359E-04    1.724359E-04
   1.724359E-04    1.724359E-04    1.724359E-04    1.724359E-04    1.724359E-04    1.724359E-04    1.724359E-04    1.724359E-04    1.724359E-04    1.724359E-04    1.724359E-04    1.724359E-04    1.724359E-04    1.724359E-04    1.724359E-04    1.724359E-04    1.724359E-04    1.724359E-04    1.724359E-04    1.724359E-04
   1.724359E-04    1.724359E-04    1.724359E-04    1.724359E-04    1.724359E-04    1.724359E-04    1.724359E-04    1.724359E-04    1.724359E-04    1.724359E-04    1.724359E-04    1.724359E-04    1.724359E-04    1.724359E-04    1.724359E-04    1.724359E-04    1.724359E-04    1.724359E-04    1.724359E-04    1.724359E-04
   1.724359E-04    1.724359E-04    1.724359E-04    1.724359E-04    1.724359E-04    1.724359E-04    1.724359E-04    1.724359E-04    1.724359E-04    1.724359E-04    1.724359E-04    1.724359E-04    1.724359E-04    1.724359E-04    1.724359E-04    1.724359E-04    1.724359E-04    1.724359E-04    1.724359E-04    1.724359E-04
   1.724359E-04    1.724359E-04    1.724359E-04    1.724359E-04    1.724359E-04    1.724359E-04    1.724359E-04    1.724359E-04    1.724359E-04    1.724359E-04    1.724359E-04    1.724359E-04    1.724359E-04    1.724359E-04    1.724359E-04    1.724359E-04    1.724359E-04    1.724359E-04    1.724359E-04    1.724359E-04
   1.724359E-04    1.724359E-04    1.724359E-04    1.724359E-04    1.724359E-04    1.724359E-04    1.724359E-04    1.724359E-04    1.724359E-04    1.724359E-04    1.724359E-04    1.724359E-04    1.724359E-04    1.724359E-04    1.724359E-04    1.724359E-04    1.724359E-04    1.724359E-04    1.724359E-04    1.724359E-04
   1.724359E-04    1.724359E-04    1.724359E-04    1.724359E-04    1.724359E-04    1.724359E-04    1.724359E-04    1.724359E-04    1.724359E-04    1.724359E-04    1.724359E-04    1.724359E-04    1.724359E-04    1.724359E-04    1.724359E-04    1.724359E-04    1.724359E-04    1.724359E-04    1.724359E-04    1.724359E-04
   1.724359E-04    1.724359E-04    1.724359E-04    1.724359E-04    1.724359E-04    1.724359E-04    1.724359E-04    1.724359E-04    1.724359E-04    1.724359E-04    1.724359E-04    1.724359E-04    1.724359E-04    1.724359E-04    1.724359E-04    1.724359E-04    1.724359E-04    1.724359E-04    1.724359E-04    1.724359E-04
   1.724359E-04    1.724359E-04    1.724359E-04    1.724359E-04    1.724359E-04    1.724359E-04    1.724359E-04    1.724359E-04    1.724359E-04    1.724359E-04    1.724359E-04    1.724359E-04    1.724359E-04    1.724359E-04    1.724359E-04    1.724359E-04    1.724359E-04    1.724359E-04    1.724359E-04    1.724359E-04
   1.724359E-04    1.724359E-04    1.724359E-04    1.724359E-04    1.724359E-04    1.724359E-04    1.724359E-04    1.724359E-04    1.724359E-04    1.724359E-04    1.724359E-04    1.724359E-04    1.724359E-04    1.724359E-04    1.724359E-04    1.724359E-04    1.724359E-04    1.724359E-04    1.724359E-04    1.724359E-04
   1.724359E-04    1.724359E-04    1.724359E-04    1.724359E-04    1.724359E-04    1.724359E-04    1.724359E-04    1.724359E-04    1.724359E-04    1.724359E-04    1.724359E-04    1.724359E-04    1.724359E-04    1.724359E-04    1.724359E-04    1.724359E-04    1.724359E-04    1.724359E-04    1.724359E-04    1.724359E-04
   1.724359E-04    1.724359E-04    1.724359E-04    1.724359E-04    1.724359E-04    1.724359E-04    1.724359E-04    1.724359E-04    1.724359E-04    1.724359E-04    1.724359E-04    1.724359E-04    1.724359E-04    1.724359E-04    1.724359E-04    1.724359E-04    1.724359E-04    1.724359E-04    1.724359E-04    1.724359E-04
   1.724359E-04    1.724359E-04    1.724359E-04    1.724359E-04    1.724359E-04    1.724359E-04    1.724359E-04    1.724359E-04    1.724359E-04    1.724359E-04    1.724359E-04    1.724359E-04    1.724359E-04    1.724359E-04    1.724359E-04    1.724359E-04    1.724359E-04    1.724359E-04    1.724359E-04    1.724359E-04
   1.724359E-04    1.724359E-04    1.724359E-04    1.724359E-04    1.724359E-04    1.724359E-04    1.724359E-04    1.724359E-04    1.724359E-04    1.724359E-04    1.724359E-04    1.724359E-04    1.724359E-04    1.724359E-04    1.724359E-04    1.724359E-04    1.724359E-04    1.724359E-04    1.724359E-04    1.724359E-04
   1.724359E-04    1.724359E-04    1.724359E-04    1.724359E-04    1.724359E-04    1.724359E-04    1.724359E-04    1.724359E-04    1.724359E-04    1.724359E-04    1.724359E-04    1.724359E-04    1.724359E-04    1.724359E-04    1.724359E-04    1.724359E-04    1.724359E-04    1.724359E-04    1.724359E-04    1.724359E-04
   1.724359E-04    1.724359E-04    1.724359E-04    1.724359E-04    1.724359E-04    1.724359E-04    1.724359E-04    1.724359E-04    1.724359E-04    1.724359E-04    1.724359E-04    1.724359E-04    1.724359E-04    1.724359E-04    1.724359E-04    1.724359E-04    1.724359E-04    1.724359E-04    1.724359E-04    1.724359E-04
   1.724359E-04    1.724359E-04    1.724359E-04    1.724359E-04    1.724359E-04    1.724359E-04    1.724359E-04    1.724359E-04    1.724359E-04    1.724359E-04    1.724359E-04    1.724359E-04    1.724359E-04    1.724359E-04    1.724359E-04    1.724359E-04    1.724359E-04    1.724359E-04    1.724359E-04    1.724359E-04
   1.724359E-04    1.724359E-04    1.724359E-04    1.724359E-04    1.724359E-04    1.724359E-04    1.724359E-04    1.724359E-04    1.724359E-04    1.724359E-04    1.724359E-04    1.724359E-04    1.724359E-04    1.724359E-04    1.724359E-04    1.724359E-04    1.724359E-04    1.724359E-04    1.724359E-04    1.724359E-04
   1.724359E-04    1.724359E-04    1.724359E-04    1.724359E-04    1.724359E-04    1.724359E-04    1.724359E-04    1.724359E-04    1.724359E-04    1.724359E-04    1.724359E-04    1.724359E-04    1.724359E-04    1.724359E-04    1.724359E-04    1.724359E-04    1.724359E-04    1.724359E-04    1.724359E-04    1.724359E-04
   1.724359E-04    1.724359E-04    1.724359E-04    1.724359E-04    1.724359E-04    1.724359E-04    1.724359E-04    1.724359E-04    1.724359E-04    1.724359E-04    1.724359E-04    1.724359E-04    1.724359E-04    1.724359E-04    1.724359E-04    1.724359E-04    1.724359E-04    1.724359E-04    1.724359E-04    1.724359E-04
   1.724359E-04    1.724359E-04    1.724359E-04    1.724359E-04    1.724359E-04    1.724359E-04    1.724359E-04    1.724359E-04    1.724359E-04    1.724359E-04    1.724359E-04    1.724359E-04    1.724359E-04    1.724359E-04    1.724359E-04    1.724359E-04    1.724359E-04    1.724359E-04    1.724359E-04    1.724359E-04
   1.724359E-04    1.724359E-04    1.724359E-04    1.724359E-04    1.724359E-04    1.724359E-04    1.724359E-04    1.724359E-04    1.724359E-04    1.724359E-04    1.724359E-04    1.724359E-04    1.724359E-04    1.724359E-04    1.724359E-04    1.724359E-04    1.724359E-04    1.724359E-04    1.724359E-04    1.724359E-04
   1.724359E-04    1.724359E-04    1.724359E-04    1.724359E-04    1.724359E-04    1.724359E-04    1.724359E-04    1.724359E-04    1.724359E-04    1.724359E-04    1.724359E-04    1.724359E-04    1.724359E-04    1.724359E-04    1.724359E-04    1.724359E-04    1.724359E-04    1.724359E-04    1.724359E-04    1.724359E-04
   1.724359E-04    1.724359E-04    1.724359E-04    1.724359E-04    1.724359E-04    1.724359E-04    1.724359E-04    1.724359E-04    1.724359E-04    1.724359E-04    1.724359E-04    1.724359E-04    1.724359E-04    1.724359E-04    1.724359E-04    1.724359E-04    1.724359E-04    1.724359E-04    1.724359E-04    1.724359E-04
   1.724359E-04    1.724359E-04    1.724359E-04    1.724359E-04    1.724359E-04    1.724359E-04    1.724359E-04    1.724359E-04    1.724359E-04    1.724359E-04    1.724359E-04    1.724359E-04    1.724359E-04    1.724359E-04    1.724359E-04    1.724359E-04    1.724359E-04    1.724359E-04    1.724359E-04    1.724359E-04
   1.724359E-04    1.724359E-04    1.724359E-04    1.724359E-04    1.724359E-04    1.724359E-04    1.724359E-04    1.724359E-04    1.724359E-04    1.724359E-04    1.724359E-04    1.724359E-04    1.724359E-04    1.724359E-04    1.724359E-04    1.724359E-04    1.724359E-04    1.724359E-04    1.724359E-04    1.724359E-04
   1.724359E-04    1.724359E-04    1.724359E-04    1.724359E-04    1.724359E-04    1.724359E-04    1.724359E-04    1.724359E-04    1.724359E-04    1.724359E-04    1.724359E-04    1.724359E-04    1.724359E-04    1.724359E-04    1.724359E-04    1.724359E-04    1.724359E-04    1.724359E-04    1.724359E-04    1.724359E-04
