   7.795914E-06    7.795914E-06    7.795914E-06    7.795914E-06    7.795914E-06    7.795914E-06    7.795914E-06    7.795914E-06    7.795914E-06    7.795914E-06    7.795914E-06    7.795914E-06    7.795914E-06    7.795914E-06    7.795914E-06    7.795914E-06    7.795914E-06    7.795914E-06    7.795914E-06    7.795914E-06
   7.795914E-06    7.795914E-06    7.795914E-06    7.795914E-06    7.795914E-06    7.795914E-06    7.795914E-06    7.795914E-06    7.795914E-06    7.795914E-06    7.795914E-06    7.795914E-06    7.795914E-06    7.795914E-06    7.795914E-06    7.795914E-06    7.795914E-06    7.795914E-06    7.795914E-06    7.795914E-06
   7.795914E-06    7.795914E-06    7.795914E-06    7.795914E-06    7.795914E-06    7.795914E-06    7.795914E-06    7.795914E-06    7.795914E-06    7.795914E-06    7.795914E-06    7.795914E-06    7.795914E-06    7.795914E-06    7.795914E-06    7.795914E-06    7.795914E-06    7.795914E-06    7.795914E-06    7.795914E-06
   7.795914E-06    7.795914E-06    7.795914E-06    7.795914E-06    7.795914E-06    7.795914E-06    7.795914E-06    7.795914E-06    7.795914E-06    7.795914E-06    7.795914E-06    7.795914E-06    7.795914E-06    7.795914E-06    7.795914E-06    7.795914E-06    7.795914E-06    7.795914E-06    7.795914E-06    7.795914E-06
   7.795914E-06    7.795914E-06    7.795914E-06    7.795914E-06    7.795914E-06    7.795914E-06    7.795914E-06    7.795914E-06    7.795914E-06    7.795914E-06    7.795914E-06    7.795914E-06    7.795914E-06    7.795914E-06    7.795914E-06    7.795914E-06    7.795914E-06    7.795914E-06    7.795914E-06    7.795914E-06
   7.795914E-06    7.795914E-06    7.795914E-06    7.795914E-06    7.795914E-06    7.795914E-06    7.795914E-06    7.795914E-06    7.795914E-06    7.795914E-06    7.795914E-06    7.795914E-06    7.795914E-06    7.795914E-06    7.795914E-06    7.795914E-06    7.795914E-06    7.795914E-06    7.795914E-06    7.795914E-06
   7.795914E-06    7.795914E-06    7.795914E-06    7.795914E-06    7.795914E-06    7.795914E-06    7.795914E-06    7.795914E-06    7.795914E-06    7.795914E-06    7.795914E-06    7.795914E-06    7.795914E-06    7.795914E-06    7.795914E-06    7.795914E-06    7.795914E-06    7.795914E-06    7.795914E-06    7.795914E-06
   7.795914E-06    7.795914E-06    7.795914E-06    7.795914E-06    7.795914E-06    7.795914E-06    7.795914E-06    7.795914E-06    7.795914E-06    7.795914E-06    7.795914E-06    7.795914E-06    7.795914E-06    7.795914E-06    7.795914E-06    7.795914E-06    7.795914E-06    7.795914E-06    7.795914E-06    7.795914E-06
   7.795914E-06    7.795914E-06    7.795914E-06    7.795914E-06    7.795914E-06    7.795914E-06    7.795914E-06    7.795914E-06    7.795914E-06    7.795914E-06    7.795914E-06    7.795914E-06    7.795914E-06    7.795914E-06    7.795914E-06    7.795914E-06    7.795914E-06    7.795914E-06    7.795914E-06    7.795914E-06
   7.795914E-06    7.795914E-06    7.795914E-06    7.795914E-06    7.795914E-06    7.795914E-06    7.795914E-06    7.795914E-06    7.795914E-06    7.795914E-06    7.795914E-06    7.795914E-06    7.795914E-06    7.795914E-06    7.795914E-06    7.795914E-06    7.795914E-06    7.795914E-06    7.795914E-06    7.795914E-06
   7.795914E-06    7.795914E-06    7.795914E-06    7.795914E-06    7.795914E-06    7.795914E-06    7.795914E-06    7.795914E-06    7.795914E-06    7.795914E-06    7.795914E-06    7.795914E-06    7.795914E-06    7.795914E-06    7.795914E-06    7.795914E-06    7.795914E-06    7.795914E-06    7.795914E-06    7.795914E-06
   7.795914E-06    7.795914E-06    7.795914E-06    7.795914E-06    7.795914E-06    7.795914E-06    7.795914E-06    7.795914E-06    7.795914E-06    7.795914E-06    7.795914E-06    7.795914E-06    7.795914E-06    7.795914E-06    7.795914E-06    7.795914E-06    7.795914E-06    7.795914E-06    7.795914E-06    7.795914E-06
   7.795914E-06    7.795914E-06    7.795914E-06    7.795914E-06    7.795914E-06    7.795914E-06    7.795914E-06    7.795914E-06    7.795914E-06    7.795914E-06    7.795914E-06    7.795914E-06    7.795914E-06    7.795914E-06    7.795914E-06    7.795914E-06    7.795914E-06    7.795914E-06    7.795914E-06    7.795914E-06
   7.795914E-06    7.795914E-06    7.795914E-06    7.795914E-06    7.795914E-06    7.795914E-06    7.795914E-06    7.795914E-06    7.795914E-06    7.795914E-06    7.795914E-06    7.795914E-06    7.795914E-06    7.795914E-06    7.795914E-06    7.795914E-06    7.795914E-06    7.795914E-06    7.795914E-06    7.795914E-06
   7.795914E-06    7.795914E-06    7.795914E-06    7.795914E-06    7.795914E-06    7.795914E-06    7.795914E-06    7.795914E-06    7.795914E-06    7.795914E-06    7.795914E-06    7.795914E-06    7.795914E-06    7.795914E-06    7.795914E-06    7.795914E-06    7.795914E-06    7.795914E-06    7.795914E-06    7.795914E-06
   7.795914E-06    7.795914E-06    7.795914E-06    7.795914E-06    7.795914E-06    7.795914E-06    7.795914E-06    7.795914E-06    7.795914E-06    7.795914E-06    7.795914E-06    7.795914E-06    7.795914E-06    7.795914E-06    7.795914E-06    7.795914E-06    7.795914E-06    7.795914E-06    7.795914E-06    7.795914E-06
   7.795914E-06    7.795914E-06    7.795914E-06    7.795914E-06    7.795914E-06    7.795914E-06    7.795914E-06    7.795914E-06    7.795914E-06    7.795914E-06    7.795914E-06    7.795914E-06    7.795914E-06    7.795914E-06    7.795914E-06    7.795914E-06    7.795914E-06    7.795914E-06    7.795914E-06    7.795914E-06
   7.795914E-06    7.795914E-06    7.795914E-06    7.795914E-06    7.795914E-06    7.795914E-06    7.795914E-06    7.795914E-06    7.795914E-06    7.795914E-06    7.795914E-06    7.795914E-06    7.795914E-06    7.795914E-06    7.795914E-06    7.795914E-06    7.795914E-06    7.795914E-06    7.795914E-06    7.795914E-06
   7.795914E-06    7.795914E-06    7.795914E-06    7.795914E-06    7.795914E-06    7.795914E-06    7.795914E-06    7.795914E-06    7.795914E-06    7.795914E-06    7.795914E-06    7.795914E-06    7.795914E-06    7.795914E-06    7.795914E-06    7.795914E-06    7.795914E-06    7.795914E-06    7.795914E-06    7.795914E-06
   7.795914E-06    7.795914E-06    7.795914E-06    7.795914E-06    7.795914E-06    7.795914E-06    7.795914E-06    7.795914E-06    7.795914E-06    7.795914E-06    7.795914E-06    7.795914E-06    7.795914E-06    7.795914E-06    7.795914E-06    7.795914E-06    7.795914E-06    7.795914E-06    7.795914E-06    7.795914E-06
   7.795914E-06    7.795914E-06    7.795914E-06    7.795914E-06    7.795914E-06    7.795914E-06    7.795914E-06    7.795914E-06    7.795914E-06    7.795914E-06    7.795914E-06    7.795914E-06    7.795914E-06    7.795914E-06    7.795914E-06    7.795914E-06    7.795914E-06    7.795914E-06    7.795914E-06    7.795914E-06
   7.795914E-06    7.795914E-06    7.795914E-06    7.795914E-06    7.795914E-06    7.795914E-06    7.795914E-06    7.795914E-06    7.795914E-06    7.795914E-06    7.795914E-06    7.795914E-06    7.795914E-06    7.795914E-06    7.795914E-06    7.795914E-06    7.795914E-06    7.795914E-06    7.795914E-06    7.795914E-06
   7.795914E-06    7.795914E-06    7.795914E-06    7.795914E-06    7.795914E-06    7.795914E-06    7.795914E-06    7.795914E-06    7.795914E-06    7.795914E-06    7.795914E-06    7.795914E-06    7.795914E-06    7.795914E-06    7.795914E-06    7.795914E-06    7.795914E-06    7.795914E-06    7.795914E-06    7.795914E-06
   7.795914E-06    7.795914E-06    7.795914E-06    7.795914E-06    7.795914E-06    7.795914E-06    7.795914E-06    7.795914E-06    7.795914E-06    7.795914E-06    7.795914E-06    7.795914E-06    7.795914E-06    7.795914E-06    7.795914E-06    7.795914E-06    7.795914E-06    7.795914E-06    7.795914E-06    7.795914E-06
   7.795914E-06    7.795914E-06    7.795914E-06    7.795914E-06    7.795914E-06    7.795914E-06    7.795914E-06    7.795914E-06    7.795914E-06    7.795914E-06    7.795914E-06    7.795914E-06    7.795914E-06    7.795914E-06    7.795914E-06    7.795914E-06    7.795914E-06    7.795914E-06    7.795914E-06    7.795914E-06
   7.795914E-06    7.795914E-06    7.795914E-06    7.795914E-06    7.795914E-06    7.795914E-06    7.795914E-06    7.795914E-06    7.795914E-06    7.795914E-06    7.795914E-06    7.795914E-06    7.795914E-06    7.795914E-06    7.795914E-06    7.795914E-06    7.795914E-06    7.795914E-06    7.795914E-06    7.795914E-06
   7.795914E-06    7.795914E-06    7.795914E-06    7.795914E-06    7.795914E-06    7.795914E-06    7.795914E-06    7.795914E-06    7.795914E-06    7.795914E-06    7.795914E-06    7.795914E-06    7.795914E-06    7.795914E-06    7.795914E-06    7.795914E-06    7.795914E-06    7.795914E-06    7.795914E-06    7.795914E-06
   7.795914E-06    7.795914E-06    7.795914E-06    7.795914E-06    7.795914E-06    7.795914E-06    7.795914E-06    7.795914E-06    7.795914E-06    7.795914E-06    7.795914E-06    7.795914E-06    7.795914E-06    7.795914E-06    7.795914E-06    7.795914E-06    7.795914E-06    7.795914E-06    7.795914E-06    7.795914E-06
   7.795914E-06    7.795914E-06    7.795914E-06    7.795914E-06    7.795914E-06    7.795914E-06    7.795914E-06    7.795914E-06    7.795914E-06    7.795914E-06    7.795914E-06    7.795914E-06    7.795914E-06    7.795914E-06    7.795914E-06    7.795914E-06    7.795914E-06    7.795914E-06    7.795914E-06    7.795914E-06
   7.795914E-06    7.795914E-06    7.795914E-06    7.795914E-06    7.795914E-06    7.795914E-06    7.795914E-06    7.795914E-06    7.795914E-06    7.795914E-06    7.795914E-06    7.795914E-06    7.795914E-06    7.795914E-06    7.795914E-06    7.795914E-06    7.795914E-06    7.795914E-06    7.795914E-06    7.795914E-06
   7.795914E-06    7.795914E-06    7.795914E-06    7.795914E-06    7.795914E-06    7.795914E-06    7.795914E-06    7.795914E-06    7.795914E-06    7.795914E-06    7.795914E-06    7.795914E-06    7.795914E-06    7.795914E-06    7.795914E-06    7.795914E-06    7.795914E-06    7.795914E-06    7.795914E-06    7.795914E-06
   7.795914E-06    7.795914E-06    7.795914E-06    7.795914E-06    7.795914E-06    7.795914E-06    7.795914E-06    7.795914E-06    7.795914E-06    7.795914E-06    7.795914E-06    7.795914E-06    7.795914E-06    7.795914E-06    7.795914E-06    7.795914E-06    7.795914E-06    7.795914E-06    7.795914E-06    7.795914E-06
   7.795914E-06    7.795914E-06    7.795914E-06    7.795914E-06    7.795914E-06    7.795914E-06    7.795914E-06    7.795914E-06    7.795914E-06    7.795914E-06    7.795914E-06    7.795914E-06    7.795914E-06    7.795914E-06    7.795914E-06    7.795914E-06    7.795914E-06    7.795914E-06    7.795914E-06    7.795914E-06
   7.795914E-06    7.795914E-06    7.795914E-06    7.795914E-06    7.795914E-06    7.795914E-06    7.795914E-06    7.795914E-06    7.795914E-06    7.795914E-06    7.795914E-06    7.795914E-06    7.795914E-06    7.795914E-06    7.795914E-06    7.795914E-06    7.795914E-06    7.795914E-06    7.795914E-06    7.795914E-06
   7.795914E-06    7.795914E-06    7.795914E-06    7.795914E-06    7.795914E-06    7.795914E-06    7.795914E-06    7.795914E-06    7.795914E-06    7.795914E-06    7.795914E-06    7.795914E-06    7.795914E-06    7.795914E-06    7.795914E-06    7.795914E-06    7.795914E-06    7.795914E-06    7.795914E-06    7.795914E-06
   7.795914E-06    7.795914E-06    7.795914E-06    7.795914E-06    7.795914E-06    7.795914E-06    7.795914E-06    7.795914E-06    7.795914E-06    7.795914E-06    7.795914E-06    7.795914E-06    7.795914E-06    7.795914E-06    7.795914E-06    7.795914E-06    7.795914E-06    7.795914E-06    7.795914E-06    7.795914E-06
   7.795914E-06    7.795914E-06    7.795914E-06    7.795914E-06    7.795914E-06    7.795914E-06    7.795914E-06    7.795914E-06    7.795914E-06    7.795914E-06    7.795914E-06    7.795914E-06    7.795914E-06    7.795914E-06    7.795914E-06    7.795914E-06    7.795914E-06    7.795914E-06    7.795914E-06    7.795914E-06
   7.795914E-06    7.795914E-06    7.795914E-06    7.795914E-06    7.795914E-06    7.795914E-06    7.795914E-06    7.795914E-06    7.795914E-06    7.795914E-06    7.795914E-06    7.795914E-06    7.795914E-06    7.795914E-06    7.795914E-06    7.795914E-06    7.795914E-06    7.795914E-06    7.795914E-06    7.795914E-06
   7.795914E-06    7.795914E-06    7.795914E-06    7.795914E-06    7.795914E-06    7.795914E-06    7.795914E-06    7.795914E-06    7.795914E-06    7.795914E-06    7.795914E-06    7.795914E-06    7.795914E-06    7.795914E-06    7.795914E-06    7.795914E-06    7.795914E-06    7.795914E-06    7.795914E-06    7.795914E-06
   7.795914E-06    7.795914E-06    7.795914E-06    7.795914E-06    7.795914E-06    7.795914E-06    7.795914E-06    7.795914E-06    7.795914E-06    7.795914E-06    7.795914E-06    7.795914E-06    7.795914E-06    7.795914E-06    7.795914E-06    7.795914E-06    7.795914E-06    7.795914E-06    7.795914E-06    7.795914E-06
