  9.11972900E-05  9.11972900E-05  9.11972900E-05  9.11972900E-05  9.11972900E-05  9.11972900E-05  9.11972900E-05  9.11972900E-05  9.11972900E-05  9.11972900E-05  9.11972900E-05  9.11972900E-05  9.11972900E-05  9.11972900E-05  9.11972900E-05  9.11972900E-05  9.11972900E-05  9.11972900E-05  9.11972900E-05  9.11972900E-05
  9.11972900E-05  9.11972900E-05  9.11972900E-05  9.11972900E-05  9.11972900E-05  9.11972900E-05  9.11972900E-05  9.11972900E-05  9.11972900E-05  9.11972900E-05  9.11972900E-05  9.11972900E-05  9.11972900E-05  9.11972900E-05  9.11972900E-05  9.11972900E-05  9.11972900E-05  9.11972900E-05  9.11972900E-05  9.11972900E-05
  9.11972900E-05  9.11972900E-05  9.11972900E-05  9.11972900E-05  9.11972900E-05  9.11972900E-05  9.11972900E-05  9.11972900E-05  9.11972900E-05  9.11972900E-05  9.11972900E-05  9.11972900E-05  9.11972900E-05  9.11972900E-05  9.11972900E-05  9.11972900E-05  9.11972900E-05  9.11972900E-05  9.11972900E-05  9.11972900E-05
  9.11972900E-05  9.11972900E-05  9.11972900E-05  9.11972900E-05  9.11972900E-05  9.11972900E-05  9.11972900E-05  9.11972900E-05  9.11972900E-05  9.11972900E-05  9.11972900E-05  9.11972900E-05  9.11972900E-05  9.11972900E-05  9.11972900E-05  9.11972900E-05  9.11972900E-05  9.11972900E-05  9.11972900E-05  9.11972900E-05
  9.11972900E-05  9.11972900E-05  9.11972900E-05  9.11972900E-05  9.11972900E-05  9.11972900E-05  9.11972900E-05  9.11972900E-05  9.11972900E-05  9.11972900E-05  9.11972900E-05  9.11972900E-05  9.11972900E-05  9.11972900E-05  9.11972900E-05  9.11972900E-05  9.11972900E-05  9.11972900E-05  9.11972900E-05  9.11972900E-05
  9.11972900E-05  9.11972900E-05  9.11972900E-05  9.11972900E-05  9.11972900E-05  9.11972900E-05  9.11972900E-05  9.11972900E-05  9.11972900E-05  9.11972900E-05  9.11972900E-05  9.11972900E-05  9.11972900E-05  9.11972900E-05  9.11972900E-05  9.11972900E-05  9.11972900E-05  9.11972900E-05  9.11972900E-05  9.11972900E-05
  9.11972900E-05  9.11972900E-05  9.11972900E-05  9.11972900E-05  9.11972900E-05  9.11972900E-05  9.11972900E-05  9.11972900E-05  9.11972900E-05  9.11972900E-05  9.11972900E-05  9.11972900E-05  9.11972900E-05  9.11972900E-05  9.11972900E-05  9.11972900E-05  9.11972900E-05  9.11972900E-05  9.11972900E-05  9.11972900E-05
  9.11972900E-05  9.11972900E-05  9.11972900E-05  9.11972900E-05  9.11972900E-05  9.11972900E-05  9.11972900E-05  9.11972900E-05  9.11972900E-05  9.11972900E-05  9.11972900E-05  9.11972900E-05  9.11972900E-05  9.11972900E-05  9.11972900E-05  9.11972900E-05  9.11972900E-05  9.11972900E-05  9.11972900E-05  9.11972900E-05
  9.11972900E-05  9.11972900E-05  9.11972900E-05  9.11972900E-05  9.11972900E-05  9.11972900E-05  9.11972900E-05  9.11972900E-05  9.11972900E-05  9.11972900E-05  9.11972900E-05  9.11972900E-05  9.11972900E-05  9.11972900E-05  9.11972900E-05  9.11972900E-05  9.11972900E-05  9.11972900E-05  9.11972900E-05  9.11972900E-05
  9.11972900E-05  9.11972900E-05  9.11972900E-05  9.11972900E-05  9.11972900E-05  9.11972900E-05  9.11972900E-05  9.11972900E-05  9.11972900E-05  9.11972900E-05  9.11972900E-05  9.11972900E-05  9.11972900E-05  9.11972900E-05  9.11972900E-05  9.11972900E-05  9.11972900E-05  9.11972900E-05  9.11972900E-05  9.11972900E-05
  9.11972900E-05  9.11972900E-05  9.11972900E-05  9.11972900E-05  9.11972900E-05  9.11972900E-05  9.11972900E-05  9.11972900E-05  9.11972900E-05  9.11972900E-05  9.11972900E-05  9.11972900E-05  9.11972900E-05  9.11972900E-05  9.11972900E-05  9.11972900E-05  9.11972900E-05  9.11972900E-05  9.11972900E-05  9.11972900E-05
  9.11972900E-05  9.11972900E-05  9.11972900E-05  9.11972900E-05  9.11972900E-05  9.11972900E-05  9.11972900E-05  9.11972900E-05  9.11972900E-05  9.11972900E-05  9.11972900E-05  9.11972900E-05  9.11972900E-05  9.11972900E-05  9.11972900E-05  9.11972900E-05  9.11972900E-05  9.11972900E-05  9.11972900E-05  9.11972900E-05
  9.11972900E-05  9.11972900E-05  9.11972900E-05  9.11972900E-05  9.11972900E-05  9.11972900E-05  9.11972900E-05  9.11972900E-05  9.11972900E-05  9.11972900E-05  9.11972900E-05  9.11972900E-05  9.11972900E-05  9.11972900E-05  9.11972900E-05  9.11972900E-05  9.11972900E-05  9.11972900E-05  9.11972900E-05  9.11972900E-05
  9.11972900E-05  9.11972900E-05  9.11972900E-05  9.11972900E-05  9.11972900E-05  9.11972900E-05  9.11972900E-05  9.11972900E-05  9.11972900E-05  9.11972900E-05  9.11972900E-05  9.11972900E-05  9.11972900E-05  9.11972900E-05  9.11972900E-05  9.11972900E-05  9.11972900E-05  9.11972900E-05  9.11972900E-05  9.11972900E-05
  9.11972900E-05  9.11972900E-05  9.11972900E-05  9.11972900E-05  9.11972900E-05  9.11972900E-05  9.11972900E-05  9.11972900E-05  9.11972900E-05  9.11972900E-05  9.11972900E-05  9.11972900E-05  9.11972900E-05  9.11972900E-05  9.11972900E-05  9.11972900E-05  9.11972900E-05  9.11972900E-05  9.11972900E-05  9.11972900E-05
  9.11972900E-05  9.11972900E-05  9.11972900E-05  9.11972900E-05  9.11972900E-05  9.11972900E-05  9.11972900E-05  9.11972900E-05  9.11972900E-05  9.11972900E-05  9.11972900E-05  9.11972900E-05  9.11972900E-05  9.11972900E-05  9.11972900E-05  9.11972900E-05  9.11972900E-05  9.11972900E-05  9.11972900E-05  9.11972900E-05
  9.11972900E-05  9.11972900E-05  9.11972900E-05  9.11972900E-05  9.11972900E-05  9.11972900E-05  9.11972900E-05  9.11972900E-05  9.11972900E-05  9.11972900E-05  9.11972900E-05  9.11972900E-05  9.11972900E-05  9.11972900E-05  9.11972900E-05  9.11972900E-05  9.11972900E-05  9.11972900E-05  9.11972900E-05  9.11972900E-05
  9.11972900E-05  9.11972900E-05  9.11972900E-05  9.11972900E-05  9.11972900E-05  9.11972900E-05  9.11972900E-05  9.11972900E-05  9.11972900E-05  9.11972900E-05  9.11972900E-05  9.11972900E-05  9.11972900E-05  9.11972900E-05  9.11972900E-05  9.11972900E-05  9.11972900E-05  9.11972900E-05  9.11972900E-05  9.11972900E-05
  9.11972900E-05  9.11972900E-05  9.11972900E-05  9.11972900E-05  9.11972900E-05  9.11972900E-05  9.11972900E-05  9.11972900E-05  9.11972900E-05  9.11972900E-05  9.11972900E-05  9.11972900E-05  9.11972900E-05  9.11972900E-05  9.11972900E-05  9.11972900E-05  9.11972900E-05  9.11972900E-05  9.11972900E-05  9.11972900E-05
  9.11972900E-05  9.11972900E-05  9.11972900E-05  9.11972900E-05  9.11972900E-05  9.11972900E-05  9.11972900E-05  9.11972900E-05  9.11972900E-05  9.11972900E-05  9.11972900E-05  9.11972900E-05  9.11972900E-05  9.11972900E-05  9.11972900E-05  9.11972900E-05  9.11972900E-05  9.11972900E-05  9.11972900E-05  9.11972900E-05
  9.11972900E-05  9.11972900E-05  9.11972900E-05  9.11972900E-05  9.11972900E-05  9.11972900E-05  9.11972900E-05  9.11972900E-05  9.11972900E-05  9.11972900E-05  9.11972900E-05  9.11972900E-05  9.11972900E-05  9.11972900E-05  9.11972900E-05  9.11972900E-05  9.11972900E-05  9.11972900E-05  9.11972900E-05  9.11972900E-05
  9.11972900E-05  9.11972900E-05  9.11972900E-05  9.11972900E-05  9.11972900E-05  9.11972900E-05  9.11972900E-05  9.11972900E-05  9.11972900E-05  9.11972900E-05  9.11972900E-05  9.11972900E-05  9.11972900E-05  9.11972900E-05  9.11972900E-05  9.11972900E-05  9.11972900E-05  9.11972900E-05  9.11972900E-05  9.11972900E-05
  9.11972900E-05  9.11972900E-05  9.11972900E-05  9.11972900E-05  9.11972900E-05  9.11972900E-05  9.11972900E-05  9.11972900E-05  9.11972900E-05  9.11972900E-05  9.11972900E-05  9.11972900E-05  9.11972900E-05  9.11972900E-05  9.11972900E-05  9.11972900E-05  9.11972900E-05  9.11972900E-05  9.11972900E-05  9.11972900E-05
  9.11972900E-05  9.11972900E-05  9.11972900E-05  9.11972900E-05  9.11972900E-05  9.11972900E-05  9.11972900E-05  9.11972900E-05  9.11972900E-05  9.11972900E-05  9.11972900E-05  9.11972900E-05  9.11972900E-05  9.11972900E-05  9.11972900E-05  9.11972900E-05  9.11972900E-05  9.11972900E-05  9.11972900E-05  9.11972900E-05
  9.11972900E-05  9.11972900E-05  9.11972900E-05  9.11972900E-05  9.11972900E-05  9.11972900E-05  9.11972900E-05  9.11972900E-05  9.11972900E-05  9.11972900E-05  9.11972900E-05  9.11972900E-05  9.11972900E-05  9.11972900E-05  9.11972900E-05  9.11972900E-05  9.11972900E-05  9.11972900E-05  9.11972900E-05  9.11972900E-05
  9.11972900E-05  9.11972900E-05  9.11972900E-05  9.11972900E-05  9.11972900E-05  9.11972900E-05  9.11972900E-05  9.11972900E-05  9.11972900E-05  9.11972900E-05  9.11972900E-05  9.11972900E-05  9.11972900E-05  9.11972900E-05  9.11972900E-05  9.11972900E-05  9.11972900E-05  9.11972900E-05  9.11972900E-05  9.11972900E-05
  9.11972900E-05  9.11972900E-05  9.11972900E-05  9.11972900E-05  9.11972900E-05  9.11972900E-05  9.11972900E-05  9.11972900E-05  9.11972900E-05  9.11972900E-05  9.11972900E-05  9.11972900E-05  9.11972900E-05  9.11972900E-05  9.11972900E-05  9.11972900E-05  9.11972900E-05  9.11972900E-05  9.11972900E-05  9.11972900E-05
  9.11972900E-05  9.11972900E-05  9.11972900E-05  9.11972900E-05  9.11972900E-05  9.11972900E-05  9.11972900E-05  9.11972900E-05  9.11972900E-05  9.11972900E-05  9.11972900E-05  9.11972900E-05  9.11972900E-05  9.11972900E-05  9.11972900E-05  9.11972900E-05  9.11972900E-05  9.11972900E-05  9.11972900E-05  9.11972900E-05
  9.11972900E-05  9.11972900E-05  9.11972900E-05  9.11972900E-05  9.11972900E-05  9.11972900E-05  9.11972900E-05  9.11972900E-05  9.11972900E-05  9.11972900E-05  9.11972900E-05  9.11972900E-05  9.11972900E-05  9.11972900E-05  9.11972900E-05  9.11972900E-05  9.11972900E-05  9.11972900E-05  9.11972900E-05  9.11972900E-05
  9.11972900E-05  9.11972900E-05  9.11972900E-05  9.11972900E-05  9.11972900E-05  9.11972900E-05  9.11972900E-05  9.11972900E-05  9.11972900E-05  9.11972900E-05  9.11972900E-05  9.11972900E-05  9.11972900E-05  9.11972900E-05  9.11972900E-05  9.11972900E-05  9.11972900E-05  9.11972900E-05  9.11972900E-05  9.11972900E-05
  9.11972900E-05  9.11972900E-05  9.11972900E-05  9.11972900E-05  9.11972900E-05  9.11972900E-05  9.11972900E-05  9.11972900E-05  9.11972900E-05  9.11972900E-05  9.11972900E-05  9.11972900E-05  9.11972900E-05  9.11972900E-05  9.11972900E-05  9.11972900E-05  9.11972900E-05  9.11972900E-05  9.11972900E-05  9.11972900E-05
  9.11972900E-05  9.11972900E-05  9.11972900E-05  9.11972900E-05  9.11972900E-05  9.11972900E-05  9.11972900E-05  9.11972900E-05  9.11972900E-05  9.11972900E-05  9.11972900E-05  9.11972900E-05  9.11972900E-05  9.11972900E-05  9.11972900E-05  9.11972900E-05  9.11972900E-05  9.11972900E-05  9.11972900E-05  9.11972900E-05
  9.11972900E-05  9.11972900E-05  9.11972900E-05  9.11972900E-05  9.11972900E-05  9.11972900E-05  9.11972900E-05  9.11972900E-05  9.11972900E-05  9.11972900E-05  9.11972900E-05  9.11972900E-05  9.11972900E-05  9.11972900E-05  9.11972900E-05  9.11972900E-05  9.11972900E-05  9.11972900E-05  9.11972900E-05  9.11972900E-05
  9.11972900E-05  9.11972900E-05  9.11972900E-05  9.11972900E-05  9.11972900E-05  9.11972900E-05  9.11972900E-05  9.11972900E-05  9.11972900E-05  9.11972900E-05  9.11972900E-05  9.11972900E-05  9.11972900E-05  9.11972900E-05  9.11972900E-05  9.11972900E-05  9.11972900E-05  9.11972900E-05  9.11972900E-05  9.11972900E-05
  9.11972900E-05  9.11972900E-05  9.11972900E-05  9.11972900E-05  9.11972900E-05  9.11972900E-05  9.11972900E-05  9.11972900E-05  9.11972900E-05  9.11972900E-05  9.11972900E-05  9.11972900E-05  9.11972900E-05  9.11972900E-05  9.11972900E-05  9.11972900E-05  9.11972900E-05  9.11972900E-05  9.11972900E-05  9.11972900E-05
  9.11972900E-05  9.11972900E-05  9.11972900E-05  9.11972900E-05  9.11972900E-05  9.11972900E-05  9.11972900E-05  9.11972900E-05  9.11972900E-05  9.11972900E-05  9.11972900E-05  9.11972900E-05  9.11972900E-05  9.11972900E-05  9.11972900E-05  9.11972900E-05  9.11972900E-05  9.11972900E-05  9.11972900E-05  9.11972900E-05
  9.11972900E-05  9.11972900E-05  9.11972900E-05  9.11972900E-05  9.11972900E-05  9.11972900E-05  9.11972900E-05  9.11972900E-05  9.11972900E-05  9.11972900E-05  9.11972900E-05  9.11972900E-05  9.11972900E-05  9.11972900E-05  9.11972900E-05  9.11972900E-05  9.11972900E-05  9.11972900E-05  9.11972900E-05  9.11972900E-05
  9.11972900E-05  9.11972900E-05  9.11972900E-05  9.11972900E-05  9.11972900E-05  9.11972900E-05  9.11972900E-05  9.11972900E-05  9.11972900E-05  9.11972900E-05  9.11972900E-05  9.11972900E-05  9.11972900E-05  9.11972900E-05  9.11972900E-05  9.11972900E-05  9.11972900E-05  9.11972900E-05  9.11972900E-05  9.11972900E-05
  9.11972900E-05  9.11972900E-05  9.11972900E-05  9.11972900E-05  9.11972900E-05  9.11972900E-05  9.11972900E-05  9.11972900E-05  9.11972900E-05  9.11972900E-05  9.11972900E-05  9.11972900E-05  9.11972900E-05  9.11972900E-05  9.11972900E-05  9.11972900E-05  9.11972900E-05  9.11972900E-05  9.11972900E-05  9.11972900E-05
  9.11972900E-05  9.11972900E-05  9.11972900E-05  9.11972900E-05  9.11972900E-05  9.11972900E-05  9.11972900E-05  9.11972900E-05  9.11972900E-05  9.11972900E-05  9.11972900E-05  9.11972900E-05  9.11972900E-05  9.11972900E-05  9.11972900E-05  9.11972900E-05  9.11972900E-05  9.11972900E-05  9.11972900E-05  9.11972900E-05
