   1.606785E-04    1.606785E-04    1.606785E-04    1.606785E-04    1.606785E-04    1.606785E-04    1.606785E-04    1.606785E-04    1.606785E-04    1.606785E-04    1.606785E-04    1.606785E-04    1.606785E-04    1.606785E-04    1.606785E-04    1.606785E-04    1.606785E-04    1.606785E-04    1.606785E-04    1.606785E-04
   1.606785E-04    1.606785E-04    1.606785E-04    1.606785E-04    1.606785E-04    1.606785E-04    1.606785E-04    1.606785E-04    1.606785E-04    1.606785E-04    1.606785E-04    1.606785E-04    1.606785E-04    1.606785E-04    1.606785E-04    1.606785E-04    1.606785E-04    1.606785E-04    1.606785E-04    1.606785E-04
   1.606785E-04    1.606785E-04    1.606785E-04    1.606785E-04    1.606785E-04    1.606785E-04    1.606785E-04    1.606785E-04    1.606785E-04    1.606785E-04    1.606785E-04    1.606785E-04    1.606785E-04    1.606785E-04    1.606785E-04    1.606785E-04    1.606785E-04    1.606785E-04    1.606785E-04    1.606785E-04
   1.606785E-04    1.606785E-04    1.606785E-04    1.606785E-04    1.606785E-04    1.606785E-04    1.606785E-04    1.606785E-04    1.606785E-04    1.606785E-04    1.606785E-04    1.606785E-04    1.606785E-04    1.606785E-04    1.606785E-04    1.606785E-04    1.606785E-04    1.606785E-04    1.606785E-04    1.606785E-04
   1.606785E-04    1.606785E-04    1.606785E-04    1.606785E-04    1.606785E-04    1.606785E-04    1.606785E-04    1.606785E-04    1.606785E-04    1.606785E-04    1.606785E-04    1.606785E-04    1.606785E-04    1.606785E-04    1.606785E-04    1.606785E-04    1.606785E-04    1.606785E-04    1.606785E-04    1.606785E-04
   1.606785E-04    1.606785E-04    1.606785E-04    1.606785E-04    1.606785E-04    1.606785E-04    1.606785E-04    1.606785E-04    1.606785E-04    1.606785E-04    1.606785E-04    1.606785E-04    1.606785E-04    1.606785E-04    1.606785E-04    1.606785E-04    1.606785E-04    1.606785E-04    1.606785E-04    1.606785E-04
   1.606785E-04    1.606785E-04    1.606785E-04    1.606785E-04    1.606785E-04    1.606785E-04    1.606785E-04    1.606785E-04    1.606785E-04    1.606785E-04    1.606785E-04    1.606785E-04    1.606785E-04    1.606785E-04    1.606785E-04    1.606785E-04    1.606785E-04    1.606785E-04    1.606785E-04    1.606785E-04
   1.606785E-04    1.606785E-04    1.606785E-04    1.606785E-04    1.606785E-04    1.606785E-04    1.606785E-04    1.606785E-04    1.606785E-04    1.606785E-04    1.606785E-04    1.606785E-04    1.606785E-04    1.606785E-04    1.606785E-04    1.606785E-04    1.606785E-04    1.606785E-04    1.606785E-04    1.606785E-04
   1.606785E-04    1.606785E-04    1.606785E-04    1.606785E-04    1.606785E-04    1.606785E-04    1.606785E-04    1.606785E-04    1.606785E-04    1.606785E-04    1.606785E-04    1.606785E-04    1.606785E-04    1.606785E-04    1.606785E-04    1.606785E-04    1.606785E-04    1.606785E-04    1.606785E-04    1.606785E-04
   1.606785E-04    1.606785E-04    1.606785E-04    1.606785E-04    1.606785E-04    1.606785E-04    1.606785E-04    1.606785E-04    1.606785E-04    1.606785E-04    1.606785E-04    1.606785E-04    1.606785E-04    1.606785E-04    1.606785E-04    1.606785E-04    1.606785E-04    1.606785E-04    1.606785E-04    1.606785E-04
   1.606785E-04    1.606785E-04    1.606785E-04    1.606785E-04    1.606785E-04    1.606785E-04    1.606785E-04    1.606785E-04    1.606785E-04    1.606785E-04    1.606785E-04    1.606785E-04    1.606785E-04    1.606785E-04    1.606785E-04    1.606785E-04    1.606785E-04    1.606785E-04    1.606785E-04    1.606785E-04
   1.606785E-04    1.606785E-04    1.606785E-04    1.606785E-04    1.606785E-04    1.606785E-04    1.606785E-04    1.606785E-04    1.606785E-04    1.606785E-04    1.606785E-04    1.606785E-04    1.606785E-04    1.606785E-04    1.606785E-04    1.606785E-04    1.606785E-04    1.606785E-04    1.606785E-04    1.606785E-04
   1.606785E-04    1.606785E-04    1.606785E-04    1.606785E-04    1.606785E-04    1.606785E-04    1.606785E-04    1.606785E-04    1.606785E-04    1.606785E-04    1.606785E-04    1.606785E-04    1.606785E-04    1.606785E-04    1.606785E-04    1.606785E-04    1.606785E-04    1.606785E-04    1.606785E-04    1.606785E-04
   1.606785E-04    1.606785E-04    1.606785E-04    1.606785E-04    1.606785E-04    1.606785E-04    1.606785E-04    1.606785E-04    1.606785E-04    1.606785E-04    1.606785E-04    1.606785E-04    1.606785E-04    1.606785E-04    1.606785E-04    1.606785E-04    1.606785E-04    1.606785E-04    1.606785E-04    1.606785E-04
   1.606785E-04    1.606785E-04    1.606785E-04    1.606785E-04    1.606785E-04    1.606785E-04    1.606785E-04    1.606785E-04    1.606785E-04    1.606785E-04    1.606785E-04    1.606785E-04    1.606785E-04    1.606785E-04    1.606785E-04    1.606785E-04    1.606785E-04    1.606785E-04    1.606785E-04    1.606785E-04
   1.606785E-04    1.606785E-04    1.606785E-04    1.606785E-04    1.606785E-04    1.606785E-04    1.606785E-04    1.606785E-04    1.606785E-04    1.606785E-04    1.606785E-04    1.606785E-04    1.606785E-04    1.606785E-04    1.606785E-04    1.606785E-04    1.606785E-04    1.606785E-04    1.606785E-04    1.606785E-04
   1.606785E-04    1.606785E-04    1.606785E-04    1.606785E-04    1.606785E-04    1.606785E-04    1.606785E-04    1.606785E-04    1.606785E-04    1.606785E-04    1.606785E-04    1.606785E-04    1.606785E-04    1.606785E-04    1.606785E-04    1.606785E-04    1.606785E-04    1.606785E-04    1.606785E-04    1.606785E-04
   1.606785E-04    1.606785E-04    1.606785E-04    1.606785E-04    1.606785E-04    1.606785E-04    1.606785E-04    1.606785E-04    1.606785E-04    1.606785E-04    1.606785E-04    1.606785E-04    1.606785E-04    1.606785E-04    1.606785E-04    1.606785E-04    1.606785E-04    1.606785E-04    1.606785E-04    1.606785E-04
   1.606785E-04    1.606785E-04    1.606785E-04    1.606785E-04    1.606785E-04    1.606785E-04    1.606785E-04    1.606785E-04    1.606785E-04    1.606785E-04    1.606785E-04    1.606785E-04    1.606785E-04    1.606785E-04    1.606785E-04    1.606785E-04    1.606785E-04    1.606785E-04    1.606785E-04    1.606785E-04
   1.606785E-04    1.606785E-04    1.606785E-04    1.606785E-04    1.606785E-04    1.606785E-04    1.606785E-04    1.606785E-04    1.606785E-04    1.606785E-04    1.606785E-04    1.606785E-04    1.606785E-04    1.606785E-04    1.606785E-04    1.606785E-04    1.606785E-04    1.606785E-04    1.606785E-04    1.606785E-04
   1.606785E-04    1.606785E-04    1.606785E-04    1.606785E-04    1.606785E-04    1.606785E-04    1.606785E-04    1.606785E-04    1.606785E-04    1.606785E-04    1.606785E-04    1.606785E-04    1.606785E-04    1.606785E-04    1.606785E-04    1.606785E-04    1.606785E-04    1.606785E-04    1.606785E-04    1.606785E-04
   1.606785E-04    1.606785E-04    1.606785E-04    1.606785E-04    1.606785E-04    1.606785E-04    1.606785E-04    1.606785E-04    1.606785E-04    1.606785E-04    1.606785E-04    1.606785E-04    1.606785E-04    1.606785E-04    1.606785E-04    1.606785E-04    1.606785E-04    1.606785E-04    1.606785E-04    1.606785E-04
   1.606785E-04    1.606785E-04    1.606785E-04    1.606785E-04    1.606785E-04    1.606785E-04    1.606785E-04    1.606785E-04    1.606785E-04    1.606785E-04    1.606785E-04    1.606785E-04    1.606785E-04    1.606785E-04    1.606785E-04    1.606785E-04    1.606785E-04    1.606785E-04    1.606785E-04    1.606785E-04
   1.606785E-04    1.606785E-04    1.606785E-04    1.606785E-04    1.606785E-04    1.606785E-04    1.606785E-04    1.606785E-04    1.606785E-04    1.606785E-04    1.606785E-04    1.606785E-04    1.606785E-04    1.606785E-04    1.606785E-04    1.606785E-04    1.606785E-04    1.606785E-04    1.606785E-04    1.606785E-04
   1.606785E-04    1.606785E-04    1.606785E-04    1.606785E-04    1.606785E-04    1.606785E-04    1.606785E-04    1.606785E-04    1.606785E-04    1.606785E-04    1.606785E-04    1.606785E-04    1.606785E-04    1.606785E-04    1.606785E-04    1.606785E-04    1.606785E-04    1.606785E-04    1.606785E-04    1.606785E-04
   1.606785E-04    1.606785E-04    1.606785E-04    1.606785E-04    1.606785E-04    1.606785E-04    1.606785E-04    1.606785E-04    1.606785E-04    1.606785E-04    1.606785E-04    1.606785E-04    1.606785E-04    1.606785E-04    1.606785E-04    1.606785E-04    1.606785E-04    1.606785E-04    1.606785E-04    1.606785E-04
   1.606785E-04    1.606785E-04    1.606785E-04    1.606785E-04    1.606785E-04    1.606785E-04    1.606785E-04    1.606785E-04    1.606785E-04    1.606785E-04    1.606785E-04    1.606785E-04    1.606785E-04    1.606785E-04    1.606785E-04    1.606785E-04    1.606785E-04    1.606785E-04    1.606785E-04    1.606785E-04
   1.606785E-04    1.606785E-04    1.606785E-04    1.606785E-04    1.606785E-04    1.606785E-04    1.606785E-04    1.606785E-04    1.606785E-04    1.606785E-04    1.606785E-04    1.606785E-04    1.606785E-04    1.606785E-04    1.606785E-04    1.606785E-04    1.606785E-04    1.606785E-04    1.606785E-04    1.606785E-04
   1.606785E-04    1.606785E-04    1.606785E-04    1.606785E-04    1.606785E-04    1.606785E-04    1.606785E-04    1.606785E-04    1.606785E-04    1.606785E-04    1.606785E-04    1.606785E-04    1.606785E-04    1.606785E-04    1.606785E-04    1.606785E-04    1.606785E-04    1.606785E-04    1.606785E-04    1.606785E-04
   1.606785E-04    1.606785E-04    1.606785E-04    1.606785E-04    1.606785E-04    1.606785E-04    1.606785E-04    1.606785E-04    1.606785E-04    1.606785E-04    1.606785E-04    1.606785E-04    1.606785E-04    1.606785E-04    1.606785E-04    1.606785E-04    1.606785E-04    1.606785E-04    1.606785E-04    1.606785E-04
   1.606785E-04    1.606785E-04    1.606785E-04    1.606785E-04    1.606785E-04    1.606785E-04    1.606785E-04    1.606785E-04    1.606785E-04    1.606785E-04    1.606785E-04    1.606785E-04    1.606785E-04    1.606785E-04    1.606785E-04    1.606785E-04    1.606785E-04    1.606785E-04    1.606785E-04    1.606785E-04
   1.606785E-04    1.606785E-04    1.606785E-04    1.606785E-04    1.606785E-04    1.606785E-04    1.606785E-04    1.606785E-04    1.606785E-04    1.606785E-04    1.606785E-04    1.606785E-04    1.606785E-04    1.606785E-04    1.606785E-04    1.606785E-04    1.606785E-04    1.606785E-04    1.606785E-04    1.606785E-04
   1.606785E-04    1.606785E-04    1.606785E-04    1.606785E-04    1.606785E-04    1.606785E-04    1.606785E-04    1.606785E-04    1.606785E-04    1.606785E-04    1.606785E-04    1.606785E-04    1.606785E-04    1.606785E-04    1.606785E-04    1.606785E-04    1.606785E-04    1.606785E-04    1.606785E-04    1.606785E-04
   1.606785E-04    1.606785E-04    1.606785E-04    1.606785E-04    1.606785E-04    1.606785E-04    1.606785E-04    1.606785E-04    1.606785E-04    1.606785E-04    1.606785E-04    1.606785E-04    1.606785E-04    1.606785E-04    1.606785E-04    1.606785E-04    1.606785E-04    1.606785E-04    1.606785E-04    1.606785E-04
   1.606785E-04    1.606785E-04    1.606785E-04    1.606785E-04    1.606785E-04    1.606785E-04    1.606785E-04    1.606785E-04    1.606785E-04    1.606785E-04    1.606785E-04    1.606785E-04    1.606785E-04    1.606785E-04    1.606785E-04    1.606785E-04    1.606785E-04    1.606785E-04    1.606785E-04    1.606785E-04
   1.606785E-04    1.606785E-04    1.606785E-04    1.606785E-04    1.606785E-04    1.606785E-04    1.606785E-04    1.606785E-04    1.606785E-04    1.606785E-04    1.606785E-04    1.606785E-04    1.606785E-04    1.606785E-04    1.606785E-04    1.606785E-04    1.606785E-04    1.606785E-04    1.606785E-04    1.606785E-04
   1.606785E-04    1.606785E-04    1.606785E-04    1.606785E-04    1.606785E-04    1.606785E-04    1.606785E-04    1.606785E-04    1.606785E-04    1.606785E-04    1.606785E-04    1.606785E-04    1.606785E-04    1.606785E-04    1.606785E-04    1.606785E-04    1.606785E-04    1.606785E-04    1.606785E-04    1.606785E-04
   1.606785E-04    1.606785E-04    1.606785E-04    1.606785E-04    1.606785E-04    1.606785E-04    1.606785E-04    1.606785E-04    1.606785E-04    1.606785E-04    1.606785E-04    1.606785E-04    1.606785E-04    1.606785E-04    1.606785E-04    1.606785E-04    1.606785E-04    1.606785E-04    1.606785E-04    1.606785E-04
   1.606785E-04    1.606785E-04    1.606785E-04    1.606785E-04    1.606785E-04    1.606785E-04    1.606785E-04    1.606785E-04    1.606785E-04    1.606785E-04    1.606785E-04    1.606785E-04    1.606785E-04    1.606785E-04    1.606785E-04    1.606785E-04    1.606785E-04    1.606785E-04    1.606785E-04    1.606785E-04
   1.606785E-04    1.606785E-04    1.606785E-04    1.606785E-04    1.606785E-04    1.606785E-04    1.606785E-04    1.606785E-04    1.606785E-04    1.606785E-04    1.606785E-04    1.606785E-04    1.606785E-04    1.606785E-04    1.606785E-04    1.606785E-04    1.606785E-04    1.606785E-04    1.606785E-04    1.606785E-04
