   1.179982E-04    1.179982E-04    1.179982E-04    1.179982E-04    1.179982E-04    1.179982E-04    1.179982E-04    1.179982E-04    1.179982E-04    1.179982E-04    1.179982E-04    1.179982E-04    1.179982E-04    1.179982E-04    1.179982E-04    1.179982E-04    1.179982E-04    1.179982E-04    1.179982E-04    1.179982E-04
   1.179982E-04    1.179982E-04    1.179982E-04    1.179982E-04    1.179982E-04    1.179982E-04    1.179982E-04    1.179982E-04    1.179982E-04    1.179982E-04    1.179982E-04    1.179982E-04    1.179982E-04    1.179982E-04    1.179982E-04    1.179982E-04    1.179982E-04    1.179982E-04    1.179982E-04    1.179982E-04
   1.179982E-04    1.179982E-04    1.179982E-04    1.179982E-04    1.179982E-04    1.179982E-04    1.179982E-04    1.179982E-04    1.179982E-04    1.179982E-04    1.179982E-04    1.179982E-04    1.179982E-04    1.179982E-04    1.179982E-04    1.179982E-04    1.179982E-04    1.179982E-04    1.179982E-04    1.179982E-04
   1.179982E-04    1.179982E-04    1.179982E-04    1.179982E-04    1.179982E-04    1.179982E-04    1.179982E-04    1.179982E-04    1.179982E-04    1.179982E-04    1.179982E-04    1.179982E-04    1.179982E-04    1.179982E-04    1.179982E-04    1.179982E-04    1.179982E-04    1.179982E-04    1.179982E-04    1.179982E-04
   1.179982E-04    1.179982E-04    1.179982E-04    1.179982E-04    1.179982E-04    1.179982E-04    1.179982E-04    1.179982E-04    1.179982E-04    1.179982E-04    1.179982E-04    1.179982E-04    1.179982E-04    1.179982E-04    1.179982E-04    1.179982E-04    1.179982E-04    1.179982E-04    1.179982E-04    1.179982E-04
   1.179982E-04    1.179982E-04    1.179982E-04    1.179982E-04    1.179982E-04    1.179982E-04    1.179982E-04    1.179982E-04    1.179982E-04    1.179982E-04    1.179982E-04    1.179982E-04    1.179982E-04    1.179982E-04    1.179982E-04    1.179982E-04    1.179982E-04    1.179982E-04    1.179982E-04    1.179982E-04
   1.179982E-04    1.179982E-04    1.179982E-04    1.179982E-04    1.179982E-04    1.179982E-04    1.179982E-04    1.179982E-04    1.179982E-04    1.179982E-04    1.179982E-04    1.179982E-04    1.179982E-04    1.179982E-04    1.179982E-04    1.179982E-04    1.179982E-04    1.179982E-04    1.179982E-04    1.179982E-04
   1.179982E-04    1.179982E-04    1.179982E-04    1.179982E-04    1.179982E-04    1.179982E-04    1.179982E-04    1.179982E-04    1.179982E-04    1.179982E-04    1.179982E-04    1.179982E-04    1.179982E-04    1.179982E-04    1.179982E-04    1.179982E-04    1.179982E-04    1.179982E-04    1.179982E-04    1.179982E-04
   1.179982E-04    1.179982E-04    1.179982E-04    1.179982E-04    1.179982E-04    1.179982E-04    1.179982E-04    1.179982E-04    1.179982E-04    1.179982E-04    1.179982E-04    1.179982E-04    1.179982E-04    1.179982E-04    1.179982E-04    1.179982E-04    1.179982E-04    1.179982E-04    1.179982E-04    1.179982E-04
   1.179982E-04    1.179982E-04    1.179982E-04    1.179982E-04    1.179982E-04    1.179982E-04    1.179982E-04    1.179982E-04    1.179982E-04    1.179982E-04    1.179982E-04    1.179982E-04    1.179982E-04    1.179982E-04    1.179982E-04    1.179982E-04    1.179982E-04    1.179982E-04    1.179982E-04    1.179982E-04
   1.179982E-04    1.179982E-04    1.179982E-04    1.179982E-04    1.179982E-04    1.179982E-04    1.179982E-04    1.179982E-04    1.179982E-04    1.179982E-04    1.179982E-04    1.179982E-04    1.179982E-04    1.179982E-04    1.179982E-04    1.179982E-04    1.179982E-04    1.179982E-04    1.179982E-04    1.179982E-04
   1.179982E-04    1.179982E-04    1.179982E-04    1.179982E-04    1.179982E-04    1.179982E-04    1.179982E-04    1.179982E-04    1.179982E-04    1.179982E-04    1.179982E-04    1.179982E-04    1.179982E-04    1.179982E-04    1.179982E-04    1.179982E-04    1.179982E-04    1.179982E-04    1.179982E-04    1.179982E-04
   1.179982E-04    1.179982E-04    1.179982E-04    1.179982E-04    1.179982E-04    1.179982E-04    1.179982E-04    1.179982E-04    1.179982E-04    1.179982E-04    1.179982E-04    1.179982E-04    1.179982E-04    1.179982E-04    1.179982E-04    1.179982E-04    1.179982E-04    1.179982E-04    1.179982E-04    1.179982E-04
   1.179982E-04    1.179982E-04    1.179982E-04    1.179982E-04    1.179982E-04    1.179982E-04    1.179982E-04    1.179982E-04    1.179982E-04    1.179982E-04    1.179982E-04    1.179982E-04    1.179982E-04    1.179982E-04    1.179982E-04    1.179982E-04    1.179982E-04    1.179982E-04    1.179982E-04    1.179982E-04
   1.179982E-04    1.179982E-04    1.179982E-04    1.179982E-04    1.179982E-04    1.179982E-04    1.179982E-04    1.179982E-04    1.179982E-04    1.179982E-04    1.179982E-04    1.179982E-04    1.179982E-04    1.179982E-04    1.179982E-04    1.179982E-04    1.179982E-04    1.179982E-04    1.179982E-04    1.179982E-04
   1.179982E-04    1.179982E-04    1.179982E-04    1.179982E-04    1.179982E-04    1.179982E-04    1.179982E-04    1.179982E-04    1.179982E-04    1.179982E-04    1.179982E-04    1.179982E-04    1.179982E-04    1.179982E-04    1.179982E-04    1.179982E-04    1.179982E-04    1.179982E-04    1.179982E-04    1.179982E-04
   1.179982E-04    1.179982E-04    1.179982E-04    1.179982E-04    1.179982E-04    1.179982E-04    1.179982E-04    1.179982E-04    1.179982E-04    1.179982E-04    1.179982E-04    1.179982E-04    1.179982E-04    1.179982E-04    1.179982E-04    1.179982E-04    1.179982E-04    1.179982E-04    1.179982E-04    1.179982E-04
   1.179982E-04    1.179982E-04    1.179982E-04    1.179982E-04    1.179982E-04    1.179982E-04    1.179982E-04    1.179982E-04    1.179982E-04    1.179982E-04    1.179982E-04    1.179982E-04    1.179982E-04    1.179982E-04    1.179982E-04    1.179982E-04    1.179982E-04    1.179982E-04    1.179982E-04    1.179982E-04
   1.179982E-04    1.179982E-04    1.179982E-04    1.179982E-04    1.179982E-04    1.179982E-04    1.179982E-04    1.179982E-04    1.179982E-04    1.179982E-04    1.179982E-04    1.179982E-04    1.179982E-04    1.179982E-04    1.179982E-04    1.179982E-04    1.179982E-04    1.179982E-04    1.179982E-04    1.179982E-04
   1.179982E-04    1.179982E-04    1.179982E-04    1.179982E-04    1.179982E-04    1.179982E-04    1.179982E-04    1.179982E-04    1.179982E-04    1.179982E-04    1.179982E-04    1.179982E-04    1.179982E-04    1.179982E-04    1.179982E-04    1.179982E-04    1.179982E-04    1.179982E-04    1.179982E-04    1.179982E-04
   1.179982E-04    1.179982E-04    1.179982E-04    1.179982E-04    1.179982E-04    1.179982E-04    1.179982E-04    1.179982E-04    1.179982E-04    1.179982E-04    1.179982E-04    1.179982E-04    1.179982E-04    1.179982E-04    1.179982E-04    1.179982E-04    1.179982E-04    1.179982E-04    1.179982E-04    1.179982E-04
   1.179982E-04    1.179982E-04    1.179982E-04    1.179982E-04    1.179982E-04    1.179982E-04    1.179982E-04    1.179982E-04    1.179982E-04    1.179982E-04    1.179982E-04    1.179982E-04    1.179982E-04    1.179982E-04    1.179982E-04    1.179982E-04    1.179982E-04    1.179982E-04    1.179982E-04    1.179982E-04
   1.179982E-04    1.179982E-04    1.179982E-04    1.179982E-04    1.179982E-04    1.179982E-04    1.179982E-04    1.179982E-04    1.179982E-04    1.179982E-04    1.179982E-04    1.179982E-04    1.179982E-04    1.179982E-04    1.179982E-04    1.179982E-04    1.179982E-04    1.179982E-04    1.179982E-04    1.179982E-04
   1.179982E-04    1.179982E-04    1.179982E-04    1.179982E-04    1.179982E-04    1.179982E-04    1.179982E-04    1.179982E-04    1.179982E-04    1.179982E-04    1.179982E-04    1.179982E-04    1.179982E-04    1.179982E-04    1.179982E-04    1.179982E-04    1.179982E-04    1.179982E-04    1.179982E-04    1.179982E-04
   1.179982E-04    1.179982E-04    1.179982E-04    1.179982E-04    1.179982E-04    1.179982E-04    1.179982E-04    1.179982E-04    1.179982E-04    1.179982E-04    1.179982E-04    1.179982E-04    1.179982E-04    1.179982E-04    1.179982E-04    1.179982E-04    1.179982E-04    1.179982E-04    1.179982E-04    1.179982E-04
   1.179982E-04    1.179982E-04    1.179982E-04    1.179982E-04    1.179982E-04    1.179982E-04    1.179982E-04    1.179982E-04    1.179982E-04    1.179982E-04    1.179982E-04    1.179982E-04    1.179982E-04    1.179982E-04    1.179982E-04    1.179982E-04    1.179982E-04    1.179982E-04    1.179982E-04    1.179982E-04
   1.179982E-04    1.179982E-04    1.179982E-04    1.179982E-04    1.179982E-04    1.179982E-04    1.179982E-04    1.179982E-04    1.179982E-04    1.179982E-04    1.179982E-04    1.179982E-04    1.179982E-04    1.179982E-04    1.179982E-04    1.179982E-04    1.179982E-04    1.179982E-04    1.179982E-04    1.179982E-04
   1.179982E-04    1.179982E-04    1.179982E-04    1.179982E-04    1.179982E-04    1.179982E-04    1.179982E-04    1.179982E-04    1.179982E-04    1.179982E-04    1.179982E-04    1.179982E-04    1.179982E-04    1.179982E-04    1.179982E-04    1.179982E-04    1.179982E-04    1.179982E-04    1.179982E-04    1.179982E-04
   1.179982E-04    1.179982E-04    1.179982E-04    1.179982E-04    1.179982E-04    1.179982E-04    1.179982E-04    1.179982E-04    1.179982E-04    1.179982E-04    1.179982E-04    1.179982E-04    1.179982E-04    1.179982E-04    1.179982E-04    1.179982E-04    1.179982E-04    1.179982E-04    1.179982E-04    1.179982E-04
   1.179982E-04    1.179982E-04    1.179982E-04    1.179982E-04    1.179982E-04    1.179982E-04    1.179982E-04    1.179982E-04    1.179982E-04    1.179982E-04    1.179982E-04    1.179982E-04    1.179982E-04    1.179982E-04    1.179982E-04    1.179982E-04    1.179982E-04    1.179982E-04    1.179982E-04    1.179982E-04
   1.179982E-04    1.179982E-04    1.179982E-04    1.179982E-04    1.179982E-04    1.179982E-04    1.179982E-04    1.179982E-04    1.179982E-04    1.179982E-04    1.179982E-04    1.179982E-04    1.179982E-04    1.179982E-04    1.179982E-04    1.179982E-04    1.179982E-04    1.179982E-04    1.179982E-04    1.179982E-04
   1.179982E-04    1.179982E-04    1.179982E-04    1.179982E-04    1.179982E-04    1.179982E-04    1.179982E-04    1.179982E-04    1.179982E-04    1.179982E-04    1.179982E-04    1.179982E-04    1.179982E-04    1.179982E-04    1.179982E-04    1.179982E-04    1.179982E-04    1.179982E-04    1.179982E-04    1.179982E-04
   1.179982E-04    1.179982E-04    1.179982E-04    1.179982E-04    1.179982E-04    1.179982E-04    1.179982E-04    1.179982E-04    1.179982E-04    1.179982E-04    1.179982E-04    1.179982E-04    1.179982E-04    1.179982E-04    1.179982E-04    1.179982E-04    1.179982E-04    1.179982E-04    1.179982E-04    1.179982E-04
   1.179982E-04    1.179982E-04    1.179982E-04    1.179982E-04    1.179982E-04    1.179982E-04    1.179982E-04    1.179982E-04    1.179982E-04    1.179982E-04    1.179982E-04    1.179982E-04    1.179982E-04    1.179982E-04    1.179982E-04    1.179982E-04    1.179982E-04    1.179982E-04    1.179982E-04    1.179982E-04
   1.179982E-04    1.179982E-04    1.179982E-04    1.179982E-04    1.179982E-04    1.179982E-04    1.179982E-04    1.179982E-04    1.179982E-04    1.179982E-04    1.179982E-04    1.179982E-04    1.179982E-04    1.179982E-04    1.179982E-04    1.179982E-04    1.179982E-04    1.179982E-04    1.179982E-04    1.179982E-04
   1.179982E-04    1.179982E-04    1.179982E-04    1.179982E-04    1.179982E-04    1.179982E-04    1.179982E-04    1.179982E-04    1.179982E-04    1.179982E-04    1.179982E-04    1.179982E-04    1.179982E-04    1.179982E-04    1.179982E-04    1.179982E-04    1.179982E-04    1.179982E-04    1.179982E-04    1.179982E-04
   1.179982E-04    1.179982E-04    1.179982E-04    1.179982E-04    1.179982E-04    1.179982E-04    1.179982E-04    1.179982E-04    1.179982E-04    1.179982E-04    1.179982E-04    1.179982E-04    1.179982E-04    1.179982E-04    1.179982E-04    1.179982E-04    1.179982E-04    1.179982E-04    1.179982E-04    1.179982E-04
   1.179982E-04    1.179982E-04    1.179982E-04    1.179982E-04    1.179982E-04    1.179982E-04    1.179982E-04    1.179982E-04    1.179982E-04    1.179982E-04    1.179982E-04    1.179982E-04    1.179982E-04    1.179982E-04    1.179982E-04    1.179982E-04    1.179982E-04    1.179982E-04    1.179982E-04    1.179982E-04
   1.179982E-04    1.179982E-04    1.179982E-04    1.179982E-04    1.179982E-04    1.179982E-04    1.179982E-04    1.179982E-04    1.179982E-04    1.179982E-04    1.179982E-04    1.179982E-04    1.179982E-04    1.179982E-04    1.179982E-04    1.179982E-04    1.179982E-04    1.179982E-04    1.179982E-04    1.179982E-04
   1.179982E-04    1.179982E-04    1.179982E-04    1.179982E-04    1.179982E-04    1.179982E-04    1.179982E-04    1.179982E-04    1.179982E-04    1.179982E-04    1.179982E-04    1.179982E-04    1.179982E-04    1.179982E-04    1.179982E-04    1.179982E-04    1.179982E-04    1.179982E-04    1.179982E-04    1.179982E-04
