   1.315975E-04    1.315975E-04    1.315975E-04    1.315975E-04    1.315975E-04    1.315975E-04    1.315975E-04    1.315975E-04    1.315975E-04    1.315975E-04    1.315975E-04    1.315975E-04    1.315975E-04    1.315975E-04    1.315975E-04    1.315975E-04    1.315975E-04    1.315975E-04    1.315975E-04    1.315975E-04
   1.315975E-04    1.315975E-04    1.315975E-04    1.315975E-04    1.315975E-04    1.315975E-04    1.315975E-04    1.315975E-04    1.315975E-04    1.315975E-04    1.315975E-04    1.315975E-04    1.315975E-04    1.315975E-04    1.315975E-04    1.315975E-04    1.315975E-04    1.315975E-04    1.315975E-04    1.315975E-04
   1.315975E-04    1.315975E-04    1.315975E-04    1.315975E-04    1.315975E-04    1.315975E-04    1.315975E-04    1.315975E-04    1.315975E-04    1.315975E-04    1.315975E-04    1.315975E-04    1.315975E-04    1.315975E-04    1.315975E-04    1.315975E-04    1.315975E-04    1.315975E-04    1.315975E-04    1.315975E-04
   1.315975E-04    1.315975E-04    1.315975E-04    1.315975E-04    1.315975E-04    1.315975E-04    1.315975E-04    1.315975E-04    1.315975E-04    1.315975E-04    1.315975E-04    1.315975E-04    1.315975E-04    1.315975E-04    1.315975E-04    1.315975E-04    1.315975E-04    1.315975E-04    1.315975E-04    1.315975E-04
   1.315975E-04    1.315975E-04    1.315975E-04    1.315975E-04    1.315975E-04    1.315975E-04    1.315975E-04    1.315975E-04    1.315975E-04    1.315975E-04    1.315975E-04    1.315975E-04    1.315975E-04    1.315975E-04    1.315975E-04    1.315975E-04    1.315975E-04    1.315975E-04    1.315975E-04    1.315975E-04
   1.315975E-04    1.315975E-04    1.315975E-04    1.315975E-04    1.315975E-04    1.315975E-04    1.315975E-04    1.315975E-04    1.315975E-04    1.315975E-04    1.315975E-04    1.315975E-04    1.315975E-04    1.315975E-04    1.315975E-04    1.315975E-04    1.315975E-04    1.315975E-04    1.315975E-04    1.315975E-04
   1.315975E-04    1.315975E-04    1.315975E-04    1.315975E-04    1.315975E-04    1.315975E-04    1.315975E-04    1.315975E-04    1.315975E-04    1.315975E-04    1.315975E-04    1.315975E-04    1.315975E-04    1.315975E-04    1.315975E-04    1.315975E-04    1.315975E-04    1.315975E-04    1.315975E-04    1.315975E-04
   1.315975E-04    1.315975E-04    1.315975E-04    1.315975E-04    1.315975E-04    1.315975E-04    1.315975E-04    1.315975E-04    1.315975E-04    1.315975E-04    1.315975E-04    1.315975E-04    1.315975E-04    1.315975E-04    1.315975E-04    1.315975E-04    1.315975E-04    1.315975E-04    1.315975E-04    1.315975E-04
   1.315975E-04    1.315975E-04    1.315975E-04    1.315975E-04    1.315975E-04    1.315975E-04    1.315975E-04    1.315975E-04    1.315975E-04    1.315975E-04    1.315975E-04    1.315975E-04    1.315975E-04    1.315975E-04    1.315975E-04    1.315975E-04    1.315975E-04    1.315975E-04    1.315975E-04    1.315975E-04
   1.315975E-04    1.315975E-04    1.315975E-04    1.315975E-04    1.315975E-04    1.315975E-04    1.315975E-04    1.315975E-04    1.315975E-04    1.315975E-04    1.315975E-04    1.315975E-04    1.315975E-04    1.315975E-04    1.315975E-04    1.315975E-04    1.315975E-04    1.315975E-04    1.315975E-04    1.315975E-04
   1.315975E-04    1.315975E-04    1.315975E-04    1.315975E-04    1.315975E-04    1.315975E-04    1.315975E-04    1.315975E-04    1.315975E-04    1.315975E-04    1.315975E-04    1.315975E-04    1.315975E-04    1.315975E-04    1.315975E-04    1.315975E-04    1.315975E-04    1.315975E-04    1.315975E-04    1.315975E-04
   1.315975E-04    1.315975E-04    1.315975E-04    1.315975E-04    1.315975E-04    1.315975E-04    1.315975E-04    1.315975E-04    1.315975E-04    1.315975E-04    1.315975E-04    1.315975E-04    1.315975E-04    1.315975E-04    1.315975E-04    1.315975E-04    1.315975E-04    1.315975E-04    1.315975E-04    1.315975E-04
   1.315975E-04    1.315975E-04    1.315975E-04    1.315975E-04    1.315975E-04    1.315975E-04    1.315975E-04    1.315975E-04    1.315975E-04    1.315975E-04    1.315975E-04    1.315975E-04    1.315975E-04    1.315975E-04    1.315975E-04    1.315975E-04    1.315975E-04    1.315975E-04    1.315975E-04    1.315975E-04
   1.315975E-04    1.315975E-04    1.315975E-04    1.315975E-04    1.315975E-04    1.315975E-04    1.315975E-04    1.315975E-04    1.315975E-04    1.315975E-04    1.315975E-04    1.315975E-04    1.315975E-04    1.315975E-04    1.315975E-04    1.315975E-04    1.315975E-04    1.315975E-04    1.315975E-04    1.315975E-04
   1.315975E-04    1.315975E-04    1.315975E-04    1.315975E-04    1.315975E-04    1.315975E-04    1.315975E-04    1.315975E-04    1.315975E-04    1.315975E-04    1.315975E-04    1.315975E-04    1.315975E-04    1.315975E-04    1.315975E-04    1.315975E-04    1.315975E-04    1.315975E-04    1.315975E-04    1.315975E-04
   1.315975E-04    1.315975E-04    1.315975E-04    1.315975E-04    1.315975E-04    1.315975E-04    1.315975E-04    1.315975E-04    1.315975E-04    1.315975E-04    1.315975E-04    1.315975E-04    1.315975E-04    1.315975E-04    1.315975E-04    1.315975E-04    1.315975E-04    1.315975E-04    1.315975E-04    1.315975E-04
   1.315975E-04    1.315975E-04    1.315975E-04    1.315975E-04    1.315975E-04    1.315975E-04    1.315975E-04    1.315975E-04    1.315975E-04    1.315975E-04    1.315975E-04    1.315975E-04    1.315975E-04    1.315975E-04    1.315975E-04    1.315975E-04    1.315975E-04    1.315975E-04    1.315975E-04    1.315975E-04
   1.315975E-04    1.315975E-04    1.315975E-04    1.315975E-04    1.315975E-04    1.315975E-04    1.315975E-04    1.315975E-04    1.315975E-04    1.315975E-04    1.315975E-04    1.315975E-04    1.315975E-04    1.315975E-04    1.315975E-04    1.315975E-04    1.315975E-04    1.315975E-04    1.315975E-04    1.315975E-04
   1.315975E-04    1.315975E-04    1.315975E-04    1.315975E-04    1.315975E-04    1.315975E-04    1.315975E-04    1.315975E-04    1.315975E-04    1.315975E-04    1.315975E-04    1.315975E-04    1.315975E-04    1.315975E-04    1.315975E-04    1.315975E-04    1.315975E-04    1.315975E-04    1.315975E-04    1.315975E-04
   1.315975E-04    1.315975E-04    1.315975E-04    1.315975E-04    1.315975E-04    1.315975E-04    1.315975E-04    1.315975E-04    1.315975E-04    1.315975E-04    1.315975E-04    1.315975E-04    1.315975E-04    1.315975E-04    1.315975E-04    1.315975E-04    1.315975E-04    1.315975E-04    1.315975E-04    1.315975E-04
   1.315975E-04    1.315975E-04    1.315975E-04    1.315975E-04    1.315975E-04    1.315975E-04    1.315975E-04    1.315975E-04    1.315975E-04    1.315975E-04    1.315975E-04    1.315975E-04    1.315975E-04    1.315975E-04    1.315975E-04    1.315975E-04    1.315975E-04    1.315975E-04    1.315975E-04    1.315975E-04
   1.315975E-04    1.315975E-04    1.315975E-04    1.315975E-04    1.315975E-04    1.315975E-04    1.315975E-04    1.315975E-04    1.315975E-04    1.315975E-04    1.315975E-04    1.315975E-04    1.315975E-04    1.315975E-04    1.315975E-04    1.315975E-04    1.315975E-04    1.315975E-04    1.315975E-04    1.315975E-04
   1.315975E-04    1.315975E-04    1.315975E-04    1.315975E-04    1.315975E-04    1.315975E-04    1.315975E-04    1.315975E-04    1.315975E-04    1.315975E-04    1.315975E-04    1.315975E-04    1.315975E-04    1.315975E-04    1.315975E-04    1.315975E-04    1.315975E-04    1.315975E-04    1.315975E-04    1.315975E-04
   1.315975E-04    1.315975E-04    1.315975E-04    1.315975E-04    1.315975E-04    1.315975E-04    1.315975E-04    1.315975E-04    1.315975E-04    1.315975E-04    1.315975E-04    1.315975E-04    1.315975E-04    1.315975E-04    1.315975E-04    1.315975E-04    1.315975E-04    1.315975E-04    1.315975E-04    1.315975E-04
   1.315975E-04    1.315975E-04    1.315975E-04    1.315975E-04    1.315975E-04    1.315975E-04    1.315975E-04    1.315975E-04    1.315975E-04    1.315975E-04    1.315975E-04    1.315975E-04    1.315975E-04    1.315975E-04    1.315975E-04    1.315975E-04    1.315975E-04    1.315975E-04    1.315975E-04    1.315975E-04
   1.315975E-04    1.315975E-04    1.315975E-04    1.315975E-04    1.315975E-04    1.315975E-04    1.315975E-04    1.315975E-04    1.315975E-04    1.315975E-04    1.315975E-04    1.315975E-04    1.315975E-04    1.315975E-04    1.315975E-04    1.315975E-04    1.315975E-04    1.315975E-04    1.315975E-04    1.315975E-04
   1.315975E-04    1.315975E-04    1.315975E-04    1.315975E-04    1.315975E-04    1.315975E-04    1.315975E-04    1.315975E-04    1.315975E-04    1.315975E-04    1.315975E-04    1.315975E-04    1.315975E-04    1.315975E-04    1.315975E-04    1.315975E-04    1.315975E-04    1.315975E-04    1.315975E-04    1.315975E-04
   1.315975E-04    1.315975E-04    1.315975E-04    1.315975E-04    1.315975E-04    1.315975E-04    1.315975E-04    1.315975E-04    1.315975E-04    1.315975E-04    1.315975E-04    1.315975E-04    1.315975E-04    1.315975E-04    1.315975E-04    1.315975E-04    1.315975E-04    1.315975E-04    1.315975E-04    1.315975E-04
   1.315975E-04    1.315975E-04    1.315975E-04    1.315975E-04    1.315975E-04    1.315975E-04    1.315975E-04    1.315975E-04    1.315975E-04    1.315975E-04    1.315975E-04    1.315975E-04    1.315975E-04    1.315975E-04    1.315975E-04    1.315975E-04    1.315975E-04    1.315975E-04    1.315975E-04    1.315975E-04
   1.315975E-04    1.315975E-04    1.315975E-04    1.315975E-04    1.315975E-04    1.315975E-04    1.315975E-04    1.315975E-04    1.315975E-04    1.315975E-04    1.315975E-04    1.315975E-04    1.315975E-04    1.315975E-04    1.315975E-04    1.315975E-04    1.315975E-04    1.315975E-04    1.315975E-04    1.315975E-04
   1.315975E-04    1.315975E-04    1.315975E-04    1.315975E-04    1.315975E-04    1.315975E-04    1.315975E-04    1.315975E-04    1.315975E-04    1.315975E-04    1.315975E-04    1.315975E-04    1.315975E-04    1.315975E-04    1.315975E-04    1.315975E-04    1.315975E-04    1.315975E-04    1.315975E-04    1.315975E-04
   1.315975E-04    1.315975E-04    1.315975E-04    1.315975E-04    1.315975E-04    1.315975E-04    1.315975E-04    1.315975E-04    1.315975E-04    1.315975E-04    1.315975E-04    1.315975E-04    1.315975E-04    1.315975E-04    1.315975E-04    1.315975E-04    1.315975E-04    1.315975E-04    1.315975E-04    1.315975E-04
   1.315975E-04    1.315975E-04    1.315975E-04    1.315975E-04    1.315975E-04    1.315975E-04    1.315975E-04    1.315975E-04    1.315975E-04    1.315975E-04    1.315975E-04    1.315975E-04    1.315975E-04    1.315975E-04    1.315975E-04    1.315975E-04    1.315975E-04    1.315975E-04    1.315975E-04    1.315975E-04
   1.315975E-04    1.315975E-04    1.315975E-04    1.315975E-04    1.315975E-04    1.315975E-04    1.315975E-04    1.315975E-04    1.315975E-04    1.315975E-04    1.315975E-04    1.315975E-04    1.315975E-04    1.315975E-04    1.315975E-04    1.315975E-04    1.315975E-04    1.315975E-04    1.315975E-04    1.315975E-04
   1.315975E-04    1.315975E-04    1.315975E-04    1.315975E-04    1.315975E-04    1.315975E-04    1.315975E-04    1.315975E-04    1.315975E-04    1.315975E-04    1.315975E-04    1.315975E-04    1.315975E-04    1.315975E-04    1.315975E-04    1.315975E-04    1.315975E-04    1.315975E-04    1.315975E-04    1.315975E-04
   1.315975E-04    1.315975E-04    1.315975E-04    1.315975E-04    1.315975E-04    1.315975E-04    1.315975E-04    1.315975E-04    1.315975E-04    1.315975E-04    1.315975E-04    1.315975E-04    1.315975E-04    1.315975E-04    1.315975E-04    1.315975E-04    1.315975E-04    1.315975E-04    1.315975E-04    1.315975E-04
   1.315975E-04    1.315975E-04    1.315975E-04    1.315975E-04    1.315975E-04    1.315975E-04    1.315975E-04    1.315975E-04    1.315975E-04    1.315975E-04    1.315975E-04    1.315975E-04    1.315975E-04    1.315975E-04    1.315975E-04    1.315975E-04    1.315975E-04    1.315975E-04    1.315975E-04    1.315975E-04
   1.315975E-04    1.315975E-04    1.315975E-04    1.315975E-04    1.315975E-04    1.315975E-04    1.315975E-04    1.315975E-04    1.315975E-04    1.315975E-04    1.315975E-04    1.315975E-04    1.315975E-04    1.315975E-04    1.315975E-04    1.315975E-04    1.315975E-04    1.315975E-04    1.315975E-04    1.315975E-04
   1.315975E-04    1.315975E-04    1.315975E-04    1.315975E-04    1.315975E-04    1.315975E-04    1.315975E-04    1.315975E-04    1.315975E-04    1.315975E-04    1.315975E-04    1.315975E-04    1.315975E-04    1.315975E-04    1.315975E-04    1.315975E-04    1.315975E-04    1.315975E-04    1.315975E-04    1.315975E-04
   1.315975E-04    1.315975E-04    1.315975E-04    1.315975E-04    1.315975E-04    1.315975E-04    1.315975E-04    1.315975E-04    1.315975E-04    1.315975E-04    1.315975E-04    1.315975E-04    1.315975E-04    1.315975E-04    1.315975E-04    1.315975E-04    1.315975E-04    1.315975E-04    1.315975E-04    1.315975E-04
