   8.286553E-05    8.286553E-05    8.286553E-05    8.286553E-05    8.286553E-05    8.286553E-05    8.286553E-05    8.286553E-05    8.286553E-05    8.286553E-05    8.286553E-05    8.286553E-05    8.286553E-05    8.286553E-05    8.286553E-05    8.286553E-05    8.286553E-05    8.286553E-05    8.286553E-05    8.286553E-05
   8.286553E-05    8.286553E-05    8.286553E-05    8.286553E-05    8.286553E-05    8.286553E-05    8.286553E-05    8.286553E-05    8.286553E-05    8.286553E-05    8.286553E-05    8.286553E-05    8.286553E-05    8.286553E-05    8.286553E-05    8.286553E-05    8.286553E-05    8.286553E-05    8.286553E-05    8.286553E-05
   8.286553E-05    8.286553E-05    8.286553E-05    8.286553E-05    8.286553E-05    8.286553E-05    8.286553E-05    8.286553E-05    8.286553E-05    8.286553E-05    8.286553E-05    8.286553E-05    8.286553E-05    8.286553E-05    8.286553E-05    8.286553E-05    8.286553E-05    8.286553E-05    8.286553E-05    8.286553E-05
   8.286553E-05    8.286553E-05    8.286553E-05    8.286553E-05    8.286553E-05    8.286553E-05    8.286553E-05    8.286553E-05    8.286553E-05    8.286553E-05    8.286553E-05    8.286553E-05    8.286553E-05    8.286553E-05    8.286553E-05    8.286553E-05    8.286553E-05    8.286553E-05    8.286553E-05    8.286553E-05
   8.286553E-05    8.286553E-05    8.286553E-05    8.286553E-05    8.286553E-05    8.286553E-05    8.286553E-05    8.286553E-05    8.286553E-05    8.286553E-05    8.286553E-05    8.286553E-05    8.286553E-05    8.286553E-05    8.286553E-05    8.286553E-05    8.286553E-05    8.286553E-05    8.286553E-05    8.286553E-05
   8.286553E-05    8.286553E-05    8.286553E-05    8.286553E-05    8.286553E-05    8.286553E-05    8.286553E-05    8.286553E-05    8.286553E-05    8.286553E-05    8.286553E-05    8.286553E-05    8.286553E-05    8.286553E-05    8.286553E-05    8.286553E-05    8.286553E-05    8.286553E-05    8.286553E-05    8.286553E-05
   8.286553E-05    8.286553E-05    8.286553E-05    8.286553E-05    8.286553E-05    8.286553E-05    8.286553E-05    8.286553E-05    8.286553E-05    8.286553E-05    8.286553E-05    8.286553E-05    8.286553E-05    8.286553E-05    8.286553E-05    8.286553E-05    8.286553E-05    8.286553E-05    8.286553E-05    8.286553E-05
   8.286553E-05    8.286553E-05    8.286553E-05    8.286553E-05    8.286553E-05    8.286553E-05    8.286553E-05    8.286553E-05    8.286553E-05    8.286553E-05    8.286553E-05    8.286553E-05    8.286553E-05    8.286553E-05    8.286553E-05    8.286553E-05    8.286553E-05    8.286553E-05    8.286553E-05    8.286553E-05
   8.286553E-05    8.286553E-05    8.286553E-05    8.286553E-05    8.286553E-05    8.286553E-05    8.286553E-05    8.286553E-05    8.286553E-05    8.286553E-05    8.286553E-05    8.286553E-05    8.286553E-05    8.286553E-05    8.286553E-05    8.286553E-05    8.286553E-05    8.286553E-05    8.286553E-05    8.286553E-05
   8.286553E-05    8.286553E-05    8.286553E-05    8.286553E-05    8.286553E-05    8.286553E-05    8.286553E-05    8.286553E-05    8.286553E-05    8.286553E-05    8.286553E-05    8.286553E-05    8.286553E-05    8.286553E-05    8.286553E-05    8.286553E-05    8.286553E-05    8.286553E-05    8.286553E-05    8.286553E-05
   8.286553E-05    8.286553E-05    8.286553E-05    8.286553E-05    8.286553E-05    8.286553E-05    8.286553E-05    8.286553E-05    8.286553E-05    8.286553E-05    8.286553E-05    8.286553E-05    8.286553E-05    8.286553E-05    8.286553E-05    8.286553E-05    8.286553E-05    8.286553E-05    8.286553E-05    8.286553E-05
   8.286553E-05    8.286553E-05    8.286553E-05    8.286553E-05    8.286553E-05    8.286553E-05    8.286553E-05    8.286553E-05    8.286553E-05    8.286553E-05    8.286553E-05    8.286553E-05    8.286553E-05    8.286553E-05    8.286553E-05    8.286553E-05    8.286553E-05    8.286553E-05    8.286553E-05    8.286553E-05
   8.286553E-05    8.286553E-05    8.286553E-05    8.286553E-05    8.286553E-05    8.286553E-05    8.286553E-05    8.286553E-05    8.286553E-05    8.286553E-05    8.286553E-05    8.286553E-05    8.286553E-05    8.286553E-05    8.286553E-05    8.286553E-05    8.286553E-05    8.286553E-05    8.286553E-05    8.286553E-05
   8.286553E-05    8.286553E-05    8.286553E-05    8.286553E-05    8.286553E-05    8.286553E-05    8.286553E-05    8.286553E-05    8.286553E-05    8.286553E-05    8.286553E-05    8.286553E-05    8.286553E-05    8.286553E-05    8.286553E-05    8.286553E-05    8.286553E-05    8.286553E-05    8.286553E-05    8.286553E-05
   8.286553E-05    8.286553E-05    8.286553E-05    8.286553E-05    8.286553E-05    8.286553E-05    8.286553E-05    8.286553E-05    8.286553E-05    8.286553E-05    8.286553E-05    8.286553E-05    8.286553E-05    8.286553E-05    8.286553E-05    8.286553E-05    8.286553E-05    8.286553E-05    8.286553E-05    8.286553E-05
   8.286553E-05    8.286553E-05    8.286553E-05    8.286553E-05    8.286553E-05    8.286553E-05    8.286553E-05    8.286553E-05    8.286553E-05    8.286553E-05    8.286553E-05    8.286553E-05    8.286553E-05    8.286553E-05    8.286553E-05    8.286553E-05    8.286553E-05    8.286553E-05    8.286553E-05    8.286553E-05
   8.286553E-05    8.286553E-05    8.286553E-05    8.286553E-05    8.286553E-05    8.286553E-05    8.286553E-05    8.286553E-05    8.286553E-05    8.286553E-05    8.286553E-05    8.286553E-05    8.286553E-05    8.286553E-05    8.286553E-05    8.286553E-05    8.286553E-05    8.286553E-05    8.286553E-05    8.286553E-05
   8.286553E-05    8.286553E-05    8.286553E-05    8.286553E-05    8.286553E-05    8.286553E-05    8.286553E-05    8.286553E-05    8.286553E-05    8.286553E-05    8.286553E-05    8.286553E-05    8.286553E-05    8.286553E-05    8.286553E-05    8.286553E-05    8.286553E-05    8.286553E-05    8.286553E-05    8.286553E-05
   8.286553E-05    8.286553E-05    8.286553E-05    8.286553E-05    8.286553E-05    8.286553E-05    8.286553E-05    8.286553E-05    8.286553E-05    8.286553E-05    8.286553E-05    8.286553E-05    8.286553E-05    8.286553E-05    8.286553E-05    8.286553E-05    8.286553E-05    8.286553E-05    8.286553E-05    8.286553E-05
   8.286553E-05    8.286553E-05    8.286553E-05    8.286553E-05    8.286553E-05    8.286553E-05    8.286553E-05    8.286553E-05    8.286553E-05    8.286553E-05    8.286553E-05    8.286553E-05    8.286553E-05    8.286553E-05    8.286553E-05    8.286553E-05    8.286553E-05    8.286553E-05    8.286553E-05    8.286553E-05
   8.286553E-05    8.286553E-05    8.286553E-05    8.286553E-05    8.286553E-05    8.286553E-05    8.286553E-05    8.286553E-05    8.286553E-05    8.286553E-05    8.286553E-05    8.286553E-05    8.286553E-05    8.286553E-05    8.286553E-05    8.286553E-05    8.286553E-05    8.286553E-05    8.286553E-05    8.286553E-05
   8.286553E-05    8.286553E-05    8.286553E-05    8.286553E-05    8.286553E-05    8.286553E-05    8.286553E-05    8.286553E-05    8.286553E-05    8.286553E-05    8.286553E-05    8.286553E-05    8.286553E-05    8.286553E-05    8.286553E-05    8.286553E-05    8.286553E-05    8.286553E-05    8.286553E-05    8.286553E-05
   8.286553E-05    8.286553E-05    8.286553E-05    8.286553E-05    8.286553E-05    8.286553E-05    8.286553E-05    8.286553E-05    8.286553E-05    8.286553E-05    8.286553E-05    8.286553E-05    8.286553E-05    8.286553E-05    8.286553E-05    8.286553E-05    8.286553E-05    8.286553E-05    8.286553E-05    8.286553E-05
   8.286553E-05    8.286553E-05    8.286553E-05    8.286553E-05    8.286553E-05    8.286553E-05    8.286553E-05    8.286553E-05    8.286553E-05    8.286553E-05    8.286553E-05    8.286553E-05    8.286553E-05    8.286553E-05    8.286553E-05    8.286553E-05    8.286553E-05    8.286553E-05    8.286553E-05    8.286553E-05
   8.286553E-05    8.286553E-05    8.286553E-05    8.286553E-05    8.286553E-05    8.286553E-05    8.286553E-05    8.286553E-05    8.286553E-05    8.286553E-05    8.286553E-05    8.286553E-05    8.286553E-05    8.286553E-05    8.286553E-05    8.286553E-05    8.286553E-05    8.286553E-05    8.286553E-05    8.286553E-05
   8.286553E-05    8.286553E-05    8.286553E-05    8.286553E-05    8.286553E-05    8.286553E-05    8.286553E-05    8.286553E-05    8.286553E-05    8.286553E-05    8.286553E-05    8.286553E-05    8.286553E-05    8.286553E-05    8.286553E-05    8.286553E-05    8.286553E-05    8.286553E-05    8.286553E-05    8.286553E-05
   8.286553E-05    8.286553E-05    8.286553E-05    8.286553E-05    8.286553E-05    8.286553E-05    8.286553E-05    8.286553E-05    8.286553E-05    8.286553E-05    8.286553E-05    8.286553E-05    8.286553E-05    8.286553E-05    8.286553E-05    8.286553E-05    8.286553E-05    8.286553E-05    8.286553E-05    8.286553E-05
   8.286553E-05    8.286553E-05    8.286553E-05    8.286553E-05    8.286553E-05    8.286553E-05    8.286553E-05    8.286553E-05    8.286553E-05    8.286553E-05    8.286553E-05    8.286553E-05    8.286553E-05    8.286553E-05    8.286553E-05    8.286553E-05    8.286553E-05    8.286553E-05    8.286553E-05    8.286553E-05
   8.286553E-05    8.286553E-05    8.286553E-05    8.286553E-05    8.286553E-05    8.286553E-05    8.286553E-05    8.286553E-05    8.286553E-05    8.286553E-05    8.286553E-05    8.286553E-05    8.286553E-05    8.286553E-05    8.286553E-05    8.286553E-05    8.286553E-05    8.286553E-05    8.286553E-05    8.286553E-05
   8.286553E-05    8.286553E-05    8.286553E-05    8.286553E-05    8.286553E-05    8.286553E-05    8.286553E-05    8.286553E-05    8.286553E-05    8.286553E-05    8.286553E-05    8.286553E-05    8.286553E-05    8.286553E-05    8.286553E-05    8.286553E-05    8.286553E-05    8.286553E-05    8.286553E-05    8.286553E-05
   8.286553E-05    8.286553E-05    8.286553E-05    8.286553E-05    8.286553E-05    8.286553E-05    8.286553E-05    8.286553E-05    8.286553E-05    8.286553E-05    8.286553E-05    8.286553E-05    8.286553E-05    8.286553E-05    8.286553E-05    8.286553E-05    8.286553E-05    8.286553E-05    8.286553E-05    8.286553E-05
   8.286553E-05    8.286553E-05    8.286553E-05    8.286553E-05    8.286553E-05    8.286553E-05    8.286553E-05    8.286553E-05    8.286553E-05    8.286553E-05    8.286553E-05    8.286553E-05    8.286553E-05    8.286553E-05    8.286553E-05    8.286553E-05    8.286553E-05    8.286553E-05    8.286553E-05    8.286553E-05
   8.286553E-05    8.286553E-05    8.286553E-05    8.286553E-05    8.286553E-05    8.286553E-05    8.286553E-05    8.286553E-05    8.286553E-05    8.286553E-05    8.286553E-05    8.286553E-05    8.286553E-05    8.286553E-05    8.286553E-05    8.286553E-05    8.286553E-05    8.286553E-05    8.286553E-05    8.286553E-05
   8.286553E-05    8.286553E-05    8.286553E-05    8.286553E-05    8.286553E-05    8.286553E-05    8.286553E-05    8.286553E-05    8.286553E-05    8.286553E-05    8.286553E-05    8.286553E-05    8.286553E-05    8.286553E-05    8.286553E-05    8.286553E-05    8.286553E-05    8.286553E-05    8.286553E-05    8.286553E-05
   8.286553E-05    8.286553E-05    8.286553E-05    8.286553E-05    8.286553E-05    8.286553E-05    8.286553E-05    8.286553E-05    8.286553E-05    8.286553E-05    8.286553E-05    8.286553E-05    8.286553E-05    8.286553E-05    8.286553E-05    8.286553E-05    8.286553E-05    8.286553E-05    8.286553E-05    8.286553E-05
   8.286553E-05    8.286553E-05    8.286553E-05    8.286553E-05    8.286553E-05    8.286553E-05    8.286553E-05    8.286553E-05    8.286553E-05    8.286553E-05    8.286553E-05    8.286553E-05    8.286553E-05    8.286553E-05    8.286553E-05    8.286553E-05    8.286553E-05    8.286553E-05    8.286553E-05    8.286553E-05
   8.286553E-05    8.286553E-05    8.286553E-05    8.286553E-05    8.286553E-05    8.286553E-05    8.286553E-05    8.286553E-05    8.286553E-05    8.286553E-05    8.286553E-05    8.286553E-05    8.286553E-05    8.286553E-05    8.286553E-05    8.286553E-05    8.286553E-05    8.286553E-05    8.286553E-05    8.286553E-05
   8.286553E-05    8.286553E-05    8.286553E-05    8.286553E-05    8.286553E-05    8.286553E-05    8.286553E-05    8.286553E-05    8.286553E-05    8.286553E-05    8.286553E-05    8.286553E-05    8.286553E-05    8.286553E-05    8.286553E-05    8.286553E-05    8.286553E-05    8.286553E-05    8.286553E-05    8.286553E-05
   8.286553E-05    8.286553E-05    8.286553E-05    8.286553E-05    8.286553E-05    8.286553E-05    8.286553E-05    8.286553E-05    8.286553E-05    8.286553E-05    8.286553E-05    8.286553E-05    8.286553E-05    8.286553E-05    8.286553E-05    8.286553E-05    8.286553E-05    8.286553E-05    8.286553E-05    8.286553E-05
   8.286553E-05    8.286553E-05    8.286553E-05    8.286553E-05    8.286553E-05    8.286553E-05    8.286553E-05    8.286553E-05    8.286553E-05    8.286553E-05    8.286553E-05    8.286553E-05    8.286553E-05    8.286553E-05    8.286553E-05    8.286553E-05    8.286553E-05    8.286553E-05    8.286553E-05    8.286553E-05
