   8.206820E-05    8.206820E-05    8.206820E-05    8.206820E-05    8.206820E-05    8.206820E-05    8.206820E-05    8.206820E-05    8.206820E-05    8.206820E-05    8.206820E-05    8.206820E-05    8.206820E-05    8.206820E-05    8.206820E-05    8.206820E-05    8.206820E-05    8.206820E-05    8.206820E-05    8.206820E-05
   8.206820E-05    8.206820E-05    8.206820E-05    8.206820E-05    8.206820E-05    8.206820E-05    8.206820E-05    8.206820E-05    8.206820E-05    8.206820E-05    8.206820E-05    8.206820E-05    8.206820E-05    8.206820E-05    8.206820E-05    8.206820E-05    8.206820E-05    8.206820E-05    8.206820E-05    8.206820E-05
   8.206820E-05    8.206820E-05    8.206820E-05    8.206820E-05    8.206820E-05    8.206820E-05    8.206820E-05    8.206820E-05    8.206820E-05    8.206820E-05    8.206820E-05    8.206820E-05    8.206820E-05    8.206820E-05    8.206820E-05    8.206820E-05    8.206820E-05    8.206820E-05    8.206820E-05    8.206820E-05
   8.206820E-05    8.206820E-05    8.206820E-05    8.206820E-05    8.206820E-05    8.206820E-05    8.206820E-05    8.206820E-05    8.206820E-05    8.206820E-05    8.206820E-05    8.206820E-05    8.206820E-05    8.206820E-05    8.206820E-05    8.206820E-05    8.206820E-05    8.206820E-05    8.206820E-05    8.206820E-05
   8.206820E-05    8.206820E-05    8.206820E-05    8.206820E-05    8.206820E-05    8.206820E-05    8.206820E-05    8.206820E-05    8.206820E-05    8.206820E-05    8.206820E-05    8.206820E-05    8.206820E-05    8.206820E-05    8.206820E-05    8.206820E-05    8.206820E-05    8.206820E-05    8.206820E-05    8.206820E-05
   8.206820E-05    8.206820E-05    8.206820E-05    8.206820E-05    8.206820E-05    8.206820E-05    8.206820E-05    8.206820E-05    8.206820E-05    8.206820E-05    8.206820E-05    8.206820E-05    8.206820E-05    8.206820E-05    8.206820E-05    8.206820E-05    8.206820E-05    8.206820E-05    8.206820E-05    8.206820E-05
   8.206820E-05    8.206820E-05    8.206820E-05    8.206820E-05    8.206820E-05    8.206820E-05    8.206820E-05    8.206820E-05    8.206820E-05    8.206820E-05    8.206820E-05    8.206820E-05    8.206820E-05    8.206820E-05    8.206820E-05    8.206820E-05    8.206820E-05    8.206820E-05    8.206820E-05    8.206820E-05
   8.206820E-05    8.206820E-05    8.206820E-05    8.206820E-05    8.206820E-05    8.206820E-05    8.206820E-05    8.206820E-05    8.206820E-05    8.206820E-05    8.206820E-05    8.206820E-05    8.206820E-05    8.206820E-05    8.206820E-05    8.206820E-05    8.206820E-05    8.206820E-05    8.206820E-05    8.206820E-05
   8.206820E-05    8.206820E-05    8.206820E-05    8.206820E-05    8.206820E-05    8.206820E-05    8.206820E-05    8.206820E-05    8.206820E-05    8.206820E-05    8.206820E-05    8.206820E-05    8.206820E-05    8.206820E-05    8.206820E-05    8.206820E-05    8.206820E-05    8.206820E-05    8.206820E-05    8.206820E-05
   8.206820E-05    8.206820E-05    8.206820E-05    8.206820E-05    8.206820E-05    8.206820E-05    8.206820E-05    8.206820E-05    8.206820E-05    8.206820E-05    8.206820E-05    8.206820E-05    8.206820E-05    8.206820E-05    8.206820E-05    8.206820E-05    8.206820E-05    8.206820E-05    8.206820E-05    8.206820E-05
   8.206820E-05    8.206820E-05    8.206820E-05    8.206820E-05    8.206820E-05    8.206820E-05    8.206820E-05    8.206820E-05    8.206820E-05    8.206820E-05    8.206820E-05    8.206820E-05    8.206820E-05    8.206820E-05    8.206820E-05    8.206820E-05    8.206820E-05    8.206820E-05    8.206820E-05    8.206820E-05
   8.206820E-05    8.206820E-05    8.206820E-05    8.206820E-05    8.206820E-05    8.206820E-05    8.206820E-05    8.206820E-05    8.206820E-05    8.206820E-05    8.206820E-05    8.206820E-05    8.206820E-05    8.206820E-05    8.206820E-05    8.206820E-05    8.206820E-05    8.206820E-05    8.206820E-05    8.206820E-05
   8.206820E-05    8.206820E-05    8.206820E-05    8.206820E-05    8.206820E-05    8.206820E-05    8.206820E-05    8.206820E-05    8.206820E-05    8.206820E-05    8.206820E-05    8.206820E-05    8.206820E-05    8.206820E-05    8.206820E-05    8.206820E-05    8.206820E-05    8.206820E-05    8.206820E-05    8.206820E-05
   8.206820E-05    8.206820E-05    8.206820E-05    8.206820E-05    8.206820E-05    8.206820E-05    8.206820E-05    8.206820E-05    8.206820E-05    8.206820E-05    8.206820E-05    8.206820E-05    8.206820E-05    8.206820E-05    8.206820E-05    8.206820E-05    8.206820E-05    8.206820E-05    8.206820E-05    8.206820E-05
   8.206820E-05    8.206820E-05    8.206820E-05    8.206820E-05    8.206820E-05    8.206820E-05    8.206820E-05    8.206820E-05    8.206820E-05    8.206820E-05    8.206820E-05    8.206820E-05    8.206820E-05    8.206820E-05    8.206820E-05    8.206820E-05    8.206820E-05    8.206820E-05    8.206820E-05    8.206820E-05
   8.206820E-05    8.206820E-05    8.206820E-05    8.206820E-05    8.206820E-05    8.206820E-05    8.206820E-05    8.206820E-05    8.206820E-05    8.206820E-05    8.206820E-05    8.206820E-05    8.206820E-05    8.206820E-05    8.206820E-05    8.206820E-05    8.206820E-05    8.206820E-05    8.206820E-05    8.206820E-05
   8.206820E-05    8.206820E-05    8.206820E-05    8.206820E-05    8.206820E-05    8.206820E-05    8.206820E-05    8.206820E-05    8.206820E-05    8.206820E-05    8.206820E-05    8.206820E-05    8.206820E-05    8.206820E-05    8.206820E-05    8.206820E-05    8.206820E-05    8.206820E-05    8.206820E-05    8.206820E-05
   8.206820E-05    8.206820E-05    8.206820E-05    8.206820E-05    8.206820E-05    8.206820E-05    8.206820E-05    8.206820E-05    8.206820E-05    8.206820E-05    8.206820E-05    8.206820E-05    8.206820E-05    8.206820E-05    8.206820E-05    8.206820E-05    8.206820E-05    8.206820E-05    8.206820E-05    8.206820E-05
   8.206820E-05    8.206820E-05    8.206820E-05    8.206820E-05    8.206820E-05    8.206820E-05    8.206820E-05    8.206820E-05    8.206820E-05    8.206820E-05    8.206820E-05    8.206820E-05    8.206820E-05    8.206820E-05    8.206820E-05    8.206820E-05    8.206820E-05    8.206820E-05    8.206820E-05    8.206820E-05
   8.206820E-05    8.206820E-05    8.206820E-05    8.206820E-05    8.206820E-05    8.206820E-05    8.206820E-05    8.206820E-05    8.206820E-05    8.206820E-05    8.206820E-05    8.206820E-05    8.206820E-05    8.206820E-05    8.206820E-05    8.206820E-05    8.206820E-05    8.206820E-05    8.206820E-05    8.206820E-05
   8.206820E-05    8.206820E-05    8.206820E-05    8.206820E-05    8.206820E-05    8.206820E-05    8.206820E-05    8.206820E-05    8.206820E-05    8.206820E-05    8.206820E-05    8.206820E-05    8.206820E-05    8.206820E-05    8.206820E-05    8.206820E-05    8.206820E-05    8.206820E-05    8.206820E-05    8.206820E-05
   8.206820E-05    8.206820E-05    8.206820E-05    8.206820E-05    8.206820E-05    8.206820E-05    8.206820E-05    8.206820E-05    8.206820E-05    8.206820E-05    8.206820E-05    8.206820E-05    8.206820E-05    8.206820E-05    8.206820E-05    8.206820E-05    8.206820E-05    8.206820E-05    8.206820E-05    8.206820E-05
   8.206820E-05    8.206820E-05    8.206820E-05    8.206820E-05    8.206820E-05    8.206820E-05    8.206820E-05    8.206820E-05    8.206820E-05    8.206820E-05    8.206820E-05    8.206820E-05    8.206820E-05    8.206820E-05    8.206820E-05    8.206820E-05    8.206820E-05    8.206820E-05    8.206820E-05    8.206820E-05
   8.206820E-05    8.206820E-05    8.206820E-05    8.206820E-05    8.206820E-05    8.206820E-05    8.206820E-05    8.206820E-05    8.206820E-05    8.206820E-05    8.206820E-05    8.206820E-05    8.206820E-05    8.206820E-05    8.206820E-05    8.206820E-05    8.206820E-05    8.206820E-05    8.206820E-05    8.206820E-05
   8.206820E-05    8.206820E-05    8.206820E-05    8.206820E-05    8.206820E-05    8.206820E-05    8.206820E-05    8.206820E-05    8.206820E-05    8.206820E-05    8.206820E-05    8.206820E-05    8.206820E-05    8.206820E-05    8.206820E-05    8.206820E-05    8.206820E-05    8.206820E-05    8.206820E-05    8.206820E-05
   8.206820E-05    8.206820E-05    8.206820E-05    8.206820E-05    8.206820E-05    8.206820E-05    8.206820E-05    8.206820E-05    8.206820E-05    8.206820E-05    8.206820E-05    8.206820E-05    8.206820E-05    8.206820E-05    8.206820E-05    8.206820E-05    8.206820E-05    8.206820E-05    8.206820E-05    8.206820E-05
   8.206820E-05    8.206820E-05    8.206820E-05    8.206820E-05    8.206820E-05    8.206820E-05    8.206820E-05    8.206820E-05    8.206820E-05    8.206820E-05    8.206820E-05    8.206820E-05    8.206820E-05    8.206820E-05    8.206820E-05    8.206820E-05    8.206820E-05    8.206820E-05    8.206820E-05    8.206820E-05
   8.206820E-05    8.206820E-05    8.206820E-05    8.206820E-05    8.206820E-05    8.206820E-05    8.206820E-05    8.206820E-05    8.206820E-05    8.206820E-05    8.206820E-05    8.206820E-05    8.206820E-05    8.206820E-05    8.206820E-05    8.206820E-05    8.206820E-05    8.206820E-05    8.206820E-05    8.206820E-05
   8.206820E-05    8.206820E-05    8.206820E-05    8.206820E-05    8.206820E-05    8.206820E-05    8.206820E-05    8.206820E-05    8.206820E-05    8.206820E-05    8.206820E-05    8.206820E-05    8.206820E-05    8.206820E-05    8.206820E-05    8.206820E-05    8.206820E-05    8.206820E-05    8.206820E-05    8.206820E-05
   8.206820E-05    8.206820E-05    8.206820E-05    8.206820E-05    8.206820E-05    8.206820E-05    8.206820E-05    8.206820E-05    8.206820E-05    8.206820E-05    8.206820E-05    8.206820E-05    8.206820E-05    8.206820E-05    8.206820E-05    8.206820E-05    8.206820E-05    8.206820E-05    8.206820E-05    8.206820E-05
   8.206820E-05    8.206820E-05    8.206820E-05    8.206820E-05    8.206820E-05    8.206820E-05    8.206820E-05    8.206820E-05    8.206820E-05    8.206820E-05    8.206820E-05    8.206820E-05    8.206820E-05    8.206820E-05    8.206820E-05    8.206820E-05    8.206820E-05    8.206820E-05    8.206820E-05    8.206820E-05
   8.206820E-05    8.206820E-05    8.206820E-05    8.206820E-05    8.206820E-05    8.206820E-05    8.206820E-05    8.206820E-05    8.206820E-05    8.206820E-05    8.206820E-05    8.206820E-05    8.206820E-05    8.206820E-05    8.206820E-05    8.206820E-05    8.206820E-05    8.206820E-05    8.206820E-05    8.206820E-05
   8.206820E-05    8.206820E-05    8.206820E-05    8.206820E-05    8.206820E-05    8.206820E-05    8.206820E-05    8.206820E-05    8.206820E-05    8.206820E-05    8.206820E-05    8.206820E-05    8.206820E-05    8.206820E-05    8.206820E-05    8.206820E-05    8.206820E-05    8.206820E-05    8.206820E-05    8.206820E-05
   8.206820E-05    8.206820E-05    8.206820E-05    8.206820E-05    8.206820E-05    8.206820E-05    8.206820E-05    8.206820E-05    8.206820E-05    8.206820E-05    8.206820E-05    8.206820E-05    8.206820E-05    8.206820E-05    8.206820E-05    8.206820E-05    8.206820E-05    8.206820E-05    8.206820E-05    8.206820E-05
   8.206820E-05    8.206820E-05    8.206820E-05    8.206820E-05    8.206820E-05    8.206820E-05    8.206820E-05    8.206820E-05    8.206820E-05    8.206820E-05    8.206820E-05    8.206820E-05    8.206820E-05    8.206820E-05    8.206820E-05    8.206820E-05    8.206820E-05    8.206820E-05    8.206820E-05    8.206820E-05
   8.206820E-05    8.206820E-05    8.206820E-05    8.206820E-05    8.206820E-05    8.206820E-05    8.206820E-05    8.206820E-05    8.206820E-05    8.206820E-05    8.206820E-05    8.206820E-05    8.206820E-05    8.206820E-05    8.206820E-05    8.206820E-05    8.206820E-05    8.206820E-05    8.206820E-05    8.206820E-05
   8.206820E-05    8.206820E-05    8.206820E-05    8.206820E-05    8.206820E-05    8.206820E-05    8.206820E-05    8.206820E-05    8.206820E-05    8.206820E-05    8.206820E-05    8.206820E-05    8.206820E-05    8.206820E-05    8.206820E-05    8.206820E-05    8.206820E-05    8.206820E-05    8.206820E-05    8.206820E-05
   8.206820E-05    8.206820E-05    8.206820E-05    8.206820E-05    8.206820E-05    8.206820E-05    8.206820E-05    8.206820E-05    8.206820E-05    8.206820E-05    8.206820E-05    8.206820E-05    8.206820E-05    8.206820E-05    8.206820E-05    8.206820E-05    8.206820E-05    8.206820E-05    8.206820E-05    8.206820E-05
   8.206820E-05    8.206820E-05    8.206820E-05    8.206820E-05    8.206820E-05    8.206820E-05    8.206820E-05    8.206820E-05    8.206820E-05    8.206820E-05    8.206820E-05    8.206820E-05    8.206820E-05    8.206820E-05    8.206820E-05    8.206820E-05    8.206820E-05    8.206820E-05    8.206820E-05    8.206820E-05
   8.206820E-05    8.206820E-05    8.206820E-05    8.206820E-05    8.206820E-05    8.206820E-05    8.206820E-05    8.206820E-05    8.206820E-05    8.206820E-05    8.206820E-05    8.206820E-05    8.206820E-05    8.206820E-05    8.206820E-05    8.206820E-05    8.206820E-05    8.206820E-05    8.206820E-05    8.206820E-05
