   1.927519E-04    1.927519E-04    1.927519E-04    1.927519E-04    1.927519E-04    1.927519E-04    1.927519E-04    1.927519E-04    1.927519E-04    1.927519E-04    1.927519E-04    1.927519E-04    1.927519E-04    1.927519E-04    1.927519E-04    1.927519E-04    1.927519E-04    1.927519E-04    1.927519E-04    1.927519E-04
   1.927519E-04    1.927519E-04    1.927519E-04    1.927519E-04    1.927519E-04    1.927519E-04    1.927519E-04    1.927519E-04    1.927519E-04    1.927519E-04    1.927519E-04    1.927519E-04    1.927519E-04    1.927519E-04    1.927519E-04    1.927519E-04    1.927519E-04    1.927519E-04    1.927519E-04    1.927519E-04
   1.927519E-04    1.927519E-04    1.927519E-04    1.927519E-04    1.927519E-04    1.927519E-04    1.927519E-04    1.927519E-04    1.927519E-04    1.927519E-04    1.927519E-04    1.927519E-04    1.927519E-04    1.927519E-04    1.927519E-04    1.927519E-04    1.927519E-04    1.927519E-04    1.927519E-04    1.927519E-04
   1.927519E-04    1.927519E-04    1.927519E-04    1.927519E-04    1.927519E-04    1.927519E-04    1.927519E-04    1.927519E-04    1.927519E-04    1.927519E-04    1.927519E-04    1.927519E-04    1.927519E-04    1.927519E-04    1.927519E-04    1.927519E-04    1.927519E-04    1.927519E-04    1.927519E-04    1.927519E-04
   1.927519E-04    1.927519E-04    1.927519E-04    1.927519E-04    1.927519E-04    1.927519E-04    1.927519E-04    1.927519E-04    1.927519E-04    1.927519E-04    1.927519E-04    1.927519E-04    1.927519E-04    1.927519E-04    1.927519E-04    1.927519E-04    1.927519E-04    1.927519E-04    1.927519E-04    1.927519E-04
   1.927519E-04    1.927519E-04    1.927519E-04    1.927519E-04    1.927519E-04    1.927519E-04    1.927519E-04    1.927519E-04    1.927519E-04    1.927519E-04    1.927519E-04    1.927519E-04    1.927519E-04    1.927519E-04    1.927519E-04    1.927519E-04    1.927519E-04    1.927519E-04    1.927519E-04    1.927519E-04
   1.927519E-04    1.927519E-04    1.927519E-04    1.927519E-04    1.927519E-04    1.927519E-04    1.927519E-04    1.927519E-04    1.927519E-04    1.927519E-04    1.927519E-04    1.927519E-04    1.927519E-04    1.927519E-04    1.927519E-04    1.927519E-04    1.927519E-04    1.927519E-04    1.927519E-04    1.927519E-04
   1.927519E-04    1.927519E-04    1.927519E-04    1.927519E-04    1.927519E-04    1.927519E-04    1.927519E-04    1.927519E-04    1.927519E-04    1.927519E-04    1.927519E-04    1.927519E-04    1.927519E-04    1.927519E-04    1.927519E-04    1.927519E-04    1.927519E-04    1.927519E-04    1.927519E-04    1.927519E-04
   1.927519E-04    1.927519E-04    1.927519E-04    1.927519E-04    1.927519E-04    1.927519E-04    1.927519E-04    1.927519E-04    1.927519E-04    1.927519E-04    1.927519E-04    1.927519E-04    1.927519E-04    1.927519E-04    1.927519E-04    1.927519E-04    1.927519E-04    1.927519E-04    1.927519E-04    1.927519E-04
   1.927519E-04    1.927519E-04    1.927519E-04    1.927519E-04    1.927519E-04    1.927519E-04    1.927519E-04    1.927519E-04    1.927519E-04    1.927519E-04    1.927519E-04    1.927519E-04    1.927519E-04    1.927519E-04    1.927519E-04    1.927519E-04    1.927519E-04    1.927519E-04    1.927519E-04    1.927519E-04
   1.927519E-04    1.927519E-04    1.927519E-04    1.927519E-04    1.927519E-04    1.927519E-04    1.927519E-04    1.927519E-04    1.927519E-04    1.927519E-04    1.927519E-04    1.927519E-04    1.927519E-04    1.927519E-04    1.927519E-04    1.927519E-04    1.927519E-04    1.927519E-04    1.927519E-04    1.927519E-04
   1.927519E-04    1.927519E-04    1.927519E-04    1.927519E-04    1.927519E-04    1.927519E-04    1.927519E-04    1.927519E-04    1.927519E-04    1.927519E-04    1.927519E-04    1.927519E-04    1.927519E-04    1.927519E-04    1.927519E-04    1.927519E-04    1.927519E-04    1.927519E-04    1.927519E-04    1.927519E-04
   1.927519E-04    1.927519E-04    1.927519E-04    1.927519E-04    1.927519E-04    1.927519E-04    1.927519E-04    1.927519E-04    1.927519E-04    1.927519E-04    1.927519E-04    1.927519E-04    1.927519E-04    1.927519E-04    1.927519E-04    1.927519E-04    1.927519E-04    1.927519E-04    1.927519E-04    1.927519E-04
   1.927519E-04    1.927519E-04    1.927519E-04    1.927519E-04    1.927519E-04    1.927519E-04    1.927519E-04    1.927519E-04    1.927519E-04    1.927519E-04    1.927519E-04    1.927519E-04    1.927519E-04    1.927519E-04    1.927519E-04    1.927519E-04    1.927519E-04    1.927519E-04    1.927519E-04    1.927519E-04
   1.927519E-04    1.927519E-04    1.927519E-04    1.927519E-04    1.927519E-04    1.927519E-04    1.927519E-04    1.927519E-04    1.927519E-04    1.927519E-04    1.927519E-04    1.927519E-04    1.927519E-04    1.927519E-04    1.927519E-04    1.927519E-04    1.927519E-04    1.927519E-04    1.927519E-04    1.927519E-04
   1.927519E-04    1.927519E-04    1.927519E-04    1.927519E-04    1.927519E-04    1.927519E-04    1.927519E-04    1.927519E-04    1.927519E-04    1.927519E-04    1.927519E-04    1.927519E-04    1.927519E-04    1.927519E-04    1.927519E-04    1.927519E-04    1.927519E-04    1.927519E-04    1.927519E-04    1.927519E-04
   1.927519E-04    1.927519E-04    1.927519E-04    1.927519E-04    1.927519E-04    1.927519E-04    1.927519E-04    1.927519E-04    1.927519E-04    1.927519E-04    1.927519E-04    1.927519E-04    1.927519E-04    1.927519E-04    1.927519E-04    1.927519E-04    1.927519E-04    1.927519E-04    1.927519E-04    1.927519E-04
   1.927519E-04    1.927519E-04    1.927519E-04    1.927519E-04    1.927519E-04    1.927519E-04    1.927519E-04    1.927519E-04    1.927519E-04    1.927519E-04    1.927519E-04    1.927519E-04    1.927519E-04    1.927519E-04    1.927519E-04    1.927519E-04    1.927519E-04    1.927519E-04    1.927519E-04    1.927519E-04
   1.927519E-04    1.927519E-04    1.927519E-04    1.927519E-04    1.927519E-04    1.927519E-04    1.927519E-04    1.927519E-04    1.927519E-04    1.927519E-04    1.927519E-04    1.927519E-04    1.927519E-04    1.927519E-04    1.927519E-04    1.927519E-04    1.927519E-04    1.927519E-04    1.927519E-04    1.927519E-04
   1.927519E-04    1.927519E-04    1.927519E-04    1.927519E-04    1.927519E-04    1.927519E-04    1.927519E-04    1.927519E-04    1.927519E-04    1.927519E-04    1.927519E-04    1.927519E-04    1.927519E-04    1.927519E-04    1.927519E-04    1.927519E-04    1.927519E-04    1.927519E-04    1.927519E-04    1.927519E-04
   1.927519E-04    1.927519E-04    1.927519E-04    1.927519E-04    1.927519E-04    1.927519E-04    1.927519E-04    1.927519E-04    1.927519E-04    1.927519E-04    1.927519E-04    1.927519E-04    1.927519E-04    1.927519E-04    1.927519E-04    1.927519E-04    1.927519E-04    1.927519E-04    1.927519E-04    1.927519E-04
   1.927519E-04    1.927519E-04    1.927519E-04    1.927519E-04    1.927519E-04    1.927519E-04    1.927519E-04    1.927519E-04    1.927519E-04    1.927519E-04    1.927519E-04    1.927519E-04    1.927519E-04    1.927519E-04    1.927519E-04    1.927519E-04    1.927519E-04    1.927519E-04    1.927519E-04    1.927519E-04
   1.927519E-04    1.927519E-04    1.927519E-04    1.927519E-04    1.927519E-04    1.927519E-04    1.927519E-04    1.927519E-04    1.927519E-04    1.927519E-04    1.927519E-04    1.927519E-04    1.927519E-04    1.927519E-04    1.927519E-04    1.927519E-04    1.927519E-04    1.927519E-04    1.927519E-04    1.927519E-04
   1.927519E-04    1.927519E-04    1.927519E-04    1.927519E-04    1.927519E-04    1.927519E-04    1.927519E-04    1.927519E-04    1.927519E-04    1.927519E-04    1.927519E-04    1.927519E-04    1.927519E-04    1.927519E-04    1.927519E-04    1.927519E-04    1.927519E-04    1.927519E-04    1.927519E-04    1.927519E-04
   1.927519E-04    1.927519E-04    1.927519E-04    1.927519E-04    1.927519E-04    1.927519E-04    1.927519E-04    1.927519E-04    1.927519E-04    1.927519E-04    1.927519E-04    1.927519E-04    1.927519E-04    1.927519E-04    1.927519E-04    1.927519E-04    1.927519E-04    1.927519E-04    1.927519E-04    1.927519E-04
   1.927519E-04    1.927519E-04    1.927519E-04    1.927519E-04    1.927519E-04    1.927519E-04    1.927519E-04    1.927519E-04    1.927519E-04    1.927519E-04    1.927519E-04    1.927519E-04    1.927519E-04    1.927519E-04    1.927519E-04    1.927519E-04    1.927519E-04    1.927519E-04    1.927519E-04    1.927519E-04
   1.927519E-04    1.927519E-04    1.927519E-04    1.927519E-04    1.927519E-04    1.927519E-04    1.927519E-04    1.927519E-04    1.927519E-04    1.927519E-04    1.927519E-04    1.927519E-04    1.927519E-04    1.927519E-04    1.927519E-04    1.927519E-04    1.927519E-04    1.927519E-04    1.927519E-04    1.927519E-04
   1.927519E-04    1.927519E-04    1.927519E-04    1.927519E-04    1.927519E-04    1.927519E-04    1.927519E-04    1.927519E-04    1.927519E-04    1.927519E-04    1.927519E-04    1.927519E-04    1.927519E-04    1.927519E-04    1.927519E-04    1.927519E-04    1.927519E-04    1.927519E-04    1.927519E-04    1.927519E-04
   1.927519E-04    1.927519E-04    1.927519E-04    1.927519E-04    1.927519E-04    1.927519E-04    1.927519E-04    1.927519E-04    1.927519E-04    1.927519E-04    1.927519E-04    1.927519E-04    1.927519E-04    1.927519E-04    1.927519E-04    1.927519E-04    1.927519E-04    1.927519E-04    1.927519E-04    1.927519E-04
   1.927519E-04    1.927519E-04    1.927519E-04    1.927519E-04    1.927519E-04    1.927519E-04    1.927519E-04    1.927519E-04    1.927519E-04    1.927519E-04    1.927519E-04    1.927519E-04    1.927519E-04    1.927519E-04    1.927519E-04    1.927519E-04    1.927519E-04    1.927519E-04    1.927519E-04    1.927519E-04
   1.927519E-04    1.927519E-04    1.927519E-04    1.927519E-04    1.927519E-04    1.927519E-04    1.927519E-04    1.927519E-04    1.927519E-04    1.927519E-04    1.927519E-04    1.927519E-04    1.927519E-04    1.927519E-04    1.927519E-04    1.927519E-04    1.927519E-04    1.927519E-04    1.927519E-04    1.927519E-04
   1.927519E-04    1.927519E-04    1.927519E-04    1.927519E-04    1.927519E-04    1.927519E-04    1.927519E-04    1.927519E-04    1.927519E-04    1.927519E-04    1.927519E-04    1.927519E-04    1.927519E-04    1.927519E-04    1.927519E-04    1.927519E-04    1.927519E-04    1.927519E-04    1.927519E-04    1.927519E-04
   1.927519E-04    1.927519E-04    1.927519E-04    1.927519E-04    1.927519E-04    1.927519E-04    1.927519E-04    1.927519E-04    1.927519E-04    1.927519E-04    1.927519E-04    1.927519E-04    1.927519E-04    1.927519E-04    1.927519E-04    1.927519E-04    1.927519E-04    1.927519E-04    1.927519E-04    1.927519E-04
   1.927519E-04    1.927519E-04    1.927519E-04    1.927519E-04    1.927519E-04    1.927519E-04    1.927519E-04    1.927519E-04    1.927519E-04    1.927519E-04    1.927519E-04    1.927519E-04    1.927519E-04    1.927519E-04    1.927519E-04    1.927519E-04    1.927519E-04    1.927519E-04    1.927519E-04    1.927519E-04
   1.927519E-04    1.927519E-04    1.927519E-04    1.927519E-04    1.927519E-04    1.927519E-04    1.927519E-04    1.927519E-04    1.927519E-04    1.927519E-04    1.927519E-04    1.927519E-04    1.927519E-04    1.927519E-04    1.927519E-04    1.927519E-04    1.927519E-04    1.927519E-04    1.927519E-04    1.927519E-04
   1.927519E-04    1.927519E-04    1.927519E-04    1.927519E-04    1.927519E-04    1.927519E-04    1.927519E-04    1.927519E-04    1.927519E-04    1.927519E-04    1.927519E-04    1.927519E-04    1.927519E-04    1.927519E-04    1.927519E-04    1.927519E-04    1.927519E-04    1.927519E-04    1.927519E-04    1.927519E-04
   1.927519E-04    1.927519E-04    1.927519E-04    1.927519E-04    1.927519E-04    1.927519E-04    1.927519E-04    1.927519E-04    1.927519E-04    1.927519E-04    1.927519E-04    1.927519E-04    1.927519E-04    1.927519E-04    1.927519E-04    1.927519E-04    1.927519E-04    1.927519E-04    1.927519E-04    1.927519E-04
   1.927519E-04    1.927519E-04    1.927519E-04    1.927519E-04    1.927519E-04    1.927519E-04    1.927519E-04    1.927519E-04    1.927519E-04    1.927519E-04    1.927519E-04    1.927519E-04    1.927519E-04    1.927519E-04    1.927519E-04    1.927519E-04    1.927519E-04    1.927519E-04    1.927519E-04    1.927519E-04
   1.927519E-04    1.927519E-04    1.927519E-04    1.927519E-04    1.927519E-04    1.927519E-04    1.927519E-04    1.927519E-04    1.927519E-04    1.927519E-04    1.927519E-04    1.927519E-04    1.927519E-04    1.927519E-04    1.927519E-04    1.927519E-04    1.927519E-04    1.927519E-04    1.927519E-04    1.927519E-04
   1.927519E-04    1.927519E-04    1.927519E-04    1.927519E-04    1.927519E-04    1.927519E-04    1.927519E-04    1.927519E-04    1.927519E-04    1.927519E-04    1.927519E-04    1.927519E-04    1.927519E-04    1.927519E-04    1.927519E-04    1.927519E-04    1.927519E-04    1.927519E-04    1.927519E-04    1.927519E-04
