   1.928917E-04    1.928917E-04    1.928917E-04    1.928917E-04    1.928917E-04    1.928917E-04    1.928917E-04    1.928917E-04    1.928917E-04    1.928917E-04    1.928917E-04    1.928917E-04    1.928917E-04    1.928917E-04    1.928917E-04    1.928917E-04    1.928917E-04    1.928917E-04    1.928917E-04    1.928917E-04
   1.928917E-04    1.928917E-04    1.928917E-04    1.928917E-04    1.928917E-04    1.928917E-04    1.928917E-04    1.928917E-04    1.928917E-04    1.928917E-04    1.928917E-04    1.928917E-04    1.928917E-04    1.928917E-04    1.928917E-04    1.928917E-04    1.928917E-04    1.928917E-04    1.928917E-04    1.928917E-04
   1.928917E-04    1.928917E-04    1.928917E-04    1.928917E-04    1.928917E-04    1.928917E-04    1.928917E-04    1.928917E-04    1.928917E-04    1.928917E-04    1.928917E-04    1.928917E-04    1.928917E-04    1.928917E-04    1.928917E-04    1.928917E-04    1.928917E-04    1.928917E-04    1.928917E-04    1.928917E-04
   1.928917E-04    1.928917E-04    1.928917E-04    1.928917E-04    1.928917E-04    1.928917E-04    1.928917E-04    1.928917E-04    1.928917E-04    1.928917E-04    1.928917E-04    1.928917E-04    1.928917E-04    1.928917E-04    1.928917E-04    1.928917E-04    1.928917E-04    1.928917E-04    1.928917E-04    1.928917E-04
   1.928917E-04    1.928917E-04    1.928917E-04    1.928917E-04    1.928917E-04    1.928917E-04    1.928917E-04    1.928917E-04    1.928917E-04    1.928917E-04    1.928917E-04    1.928917E-04    1.928917E-04    1.928917E-04    1.928917E-04    1.928917E-04    1.928917E-04    1.928917E-04    1.928917E-04    1.928917E-04
   1.928917E-04    1.928917E-04    1.928917E-04    1.928917E-04    1.928917E-04    1.928917E-04    1.928917E-04    1.928917E-04    1.928917E-04    1.928917E-04    1.928917E-04    1.928917E-04    1.928917E-04    1.928917E-04    1.928917E-04    1.928917E-04    1.928917E-04    1.928917E-04    1.928917E-04    1.928917E-04
   1.928917E-04    1.928917E-04    1.928917E-04    1.928917E-04    1.928917E-04    1.928917E-04    1.928917E-04    1.928917E-04    1.928917E-04    1.928917E-04    1.928917E-04    1.928917E-04    1.928917E-04    1.928917E-04    1.928917E-04    1.928917E-04    1.928917E-04    1.928917E-04    1.928917E-04    1.928917E-04
   1.928917E-04    1.928917E-04    1.928917E-04    1.928917E-04    1.928917E-04    1.928917E-04    1.928917E-04    1.928917E-04    1.928917E-04    1.928917E-04    1.928917E-04    1.928917E-04    1.928917E-04    1.928917E-04    1.928917E-04    1.928917E-04    1.928917E-04    1.928917E-04    1.928917E-04    1.928917E-04
   1.928917E-04    1.928917E-04    1.928917E-04    1.928917E-04    1.928917E-04    1.928917E-04    1.928917E-04    1.928917E-04    1.928917E-04    1.928917E-04    1.928917E-04    1.928917E-04    1.928917E-04    1.928917E-04    1.928917E-04    1.928917E-04    1.928917E-04    1.928917E-04    1.928917E-04    1.928917E-04
   1.928917E-04    1.928917E-04    1.928917E-04    1.928917E-04    1.928917E-04    1.928917E-04    1.928917E-04    1.928917E-04    1.928917E-04    1.928917E-04    1.928917E-04    1.928917E-04    1.928917E-04    1.928917E-04    1.928917E-04    1.928917E-04    1.928917E-04    1.928917E-04    1.928917E-04    1.928917E-04
   1.928917E-04    1.928917E-04    1.928917E-04    1.928917E-04    1.928917E-04    1.928917E-04    1.928917E-04    1.928917E-04    1.928917E-04    1.928917E-04    1.928917E-04    1.928917E-04    1.928917E-04    1.928917E-04    1.928917E-04    1.928917E-04    1.928917E-04    1.928917E-04    1.928917E-04    1.928917E-04
   1.928917E-04    1.928917E-04    1.928917E-04    1.928917E-04    1.928917E-04    1.928917E-04    1.928917E-04    1.928917E-04    1.928917E-04    1.928917E-04    1.928917E-04    1.928917E-04    1.928917E-04    1.928917E-04    1.928917E-04    1.928917E-04    1.928917E-04    1.928917E-04    1.928917E-04    1.928917E-04
   1.928917E-04    1.928917E-04    1.928917E-04    1.928917E-04    1.928917E-04    1.928917E-04    1.928917E-04    1.928917E-04    1.928917E-04    1.928917E-04    1.928917E-04    1.928917E-04    1.928917E-04    1.928917E-04    1.928917E-04    1.928917E-04    1.928917E-04    1.928917E-04    1.928917E-04    1.928917E-04
   1.928917E-04    1.928917E-04    1.928917E-04    1.928917E-04    1.928917E-04    1.928917E-04    1.928917E-04    1.928917E-04    1.928917E-04    1.928917E-04    1.928917E-04    1.928917E-04    1.928917E-04    1.928917E-04    1.928917E-04    1.928917E-04    1.928917E-04    1.928917E-04    1.928917E-04    1.928917E-04
   1.928917E-04    1.928917E-04    1.928917E-04    1.928917E-04    1.928917E-04    1.928917E-04    1.928917E-04    1.928917E-04    1.928917E-04    1.928917E-04    1.928917E-04    1.928917E-04    1.928917E-04    1.928917E-04    1.928917E-04    1.928917E-04    1.928917E-04    1.928917E-04    1.928917E-04    1.928917E-04
   1.928917E-04    1.928917E-04    1.928917E-04    1.928917E-04    1.928917E-04    1.928917E-04    1.928917E-04    1.928917E-04    1.928917E-04    1.928917E-04    1.928917E-04    1.928917E-04    1.928917E-04    1.928917E-04    1.928917E-04    1.928917E-04    1.928917E-04    1.928917E-04    1.928917E-04    1.928917E-04
   1.928917E-04    1.928917E-04    1.928917E-04    1.928917E-04    1.928917E-04    1.928917E-04    1.928917E-04    1.928917E-04    1.928917E-04    1.928917E-04    1.928917E-04    1.928917E-04    1.928917E-04    1.928917E-04    1.928917E-04    1.928917E-04    1.928917E-04    1.928917E-04    1.928917E-04    1.928917E-04
   1.928917E-04    1.928917E-04    1.928917E-04    1.928917E-04    1.928917E-04    1.928917E-04    1.928917E-04    1.928917E-04    1.928917E-04    1.928917E-04    1.928917E-04    1.928917E-04    1.928917E-04    1.928917E-04    1.928917E-04    1.928917E-04    1.928917E-04    1.928917E-04    1.928917E-04    1.928917E-04
   1.928917E-04    1.928917E-04    1.928917E-04    1.928917E-04    1.928917E-04    1.928917E-04    1.928917E-04    1.928917E-04    1.928917E-04    1.928917E-04    1.928917E-04    1.928917E-04    1.928917E-04    1.928917E-04    1.928917E-04    1.928917E-04    1.928917E-04    1.928917E-04    1.928917E-04    1.928917E-04
   1.928917E-04    1.928917E-04    1.928917E-04    1.928917E-04    1.928917E-04    1.928917E-04    1.928917E-04    1.928917E-04    1.928917E-04    1.928917E-04    1.928917E-04    1.928917E-04    1.928917E-04    1.928917E-04    1.928917E-04    1.928917E-04    1.928917E-04    1.928917E-04    1.928917E-04    1.928917E-04
   1.928917E-04    1.928917E-04    1.928917E-04    1.928917E-04    1.928917E-04    1.928917E-04    1.928917E-04    1.928917E-04    1.928917E-04    1.928917E-04    1.928917E-04    1.928917E-04    1.928917E-04    1.928917E-04    1.928917E-04    1.928917E-04    1.928917E-04    1.928917E-04    1.928917E-04    1.928917E-04
   1.928917E-04    1.928917E-04    1.928917E-04    1.928917E-04    1.928917E-04    1.928917E-04    1.928917E-04    1.928917E-04    1.928917E-04    1.928917E-04    1.928917E-04    1.928917E-04    1.928917E-04    1.928917E-04    1.928917E-04    1.928917E-04    1.928917E-04    1.928917E-04    1.928917E-04    1.928917E-04
   1.928917E-04    1.928917E-04    1.928917E-04    1.928917E-04    1.928917E-04    1.928917E-04    1.928917E-04    1.928917E-04    1.928917E-04    1.928917E-04    1.928917E-04    1.928917E-04    1.928917E-04    1.928917E-04    1.928917E-04    1.928917E-04    1.928917E-04    1.928917E-04    1.928917E-04    1.928917E-04
   1.928917E-04    1.928917E-04    1.928917E-04    1.928917E-04    1.928917E-04    1.928917E-04    1.928917E-04    1.928917E-04    1.928917E-04    1.928917E-04    1.928917E-04    1.928917E-04    1.928917E-04    1.928917E-04    1.928917E-04    1.928917E-04    1.928917E-04    1.928917E-04    1.928917E-04    1.928917E-04
   1.928917E-04    1.928917E-04    1.928917E-04    1.928917E-04    1.928917E-04    1.928917E-04    1.928917E-04    1.928917E-04    1.928917E-04    1.928917E-04    1.928917E-04    1.928917E-04    1.928917E-04    1.928917E-04    1.928917E-04    1.928917E-04    1.928917E-04    1.928917E-04    1.928917E-04    1.928917E-04
   1.928917E-04    1.928917E-04    1.928917E-04    1.928917E-04    1.928917E-04    1.928917E-04    1.928917E-04    1.928917E-04    1.928917E-04    1.928917E-04    1.928917E-04    1.928917E-04    1.928917E-04    1.928917E-04    1.928917E-04    1.928917E-04    1.928917E-04    1.928917E-04    1.928917E-04    1.928917E-04
   1.928917E-04    1.928917E-04    1.928917E-04    1.928917E-04    1.928917E-04    1.928917E-04    1.928917E-04    1.928917E-04    1.928917E-04    1.928917E-04    1.928917E-04    1.928917E-04    1.928917E-04    1.928917E-04    1.928917E-04    1.928917E-04    1.928917E-04    1.928917E-04    1.928917E-04    1.928917E-04
   1.928917E-04    1.928917E-04    1.928917E-04    1.928917E-04    1.928917E-04    1.928917E-04    1.928917E-04    1.928917E-04    1.928917E-04    1.928917E-04    1.928917E-04    1.928917E-04    1.928917E-04    1.928917E-04    1.928917E-04    1.928917E-04    1.928917E-04    1.928917E-04    1.928917E-04    1.928917E-04
   1.928917E-04    1.928917E-04    1.928917E-04    1.928917E-04    1.928917E-04    1.928917E-04    1.928917E-04    1.928917E-04    1.928917E-04    1.928917E-04    1.928917E-04    1.928917E-04    1.928917E-04    1.928917E-04    1.928917E-04    1.928917E-04    1.928917E-04    1.928917E-04    1.928917E-04    1.928917E-04
   1.928917E-04    1.928917E-04    1.928917E-04    1.928917E-04    1.928917E-04    1.928917E-04    1.928917E-04    1.928917E-04    1.928917E-04    1.928917E-04    1.928917E-04    1.928917E-04    1.928917E-04    1.928917E-04    1.928917E-04    1.928917E-04    1.928917E-04    1.928917E-04    1.928917E-04    1.928917E-04
   1.928917E-04    1.928917E-04    1.928917E-04    1.928917E-04    1.928917E-04    1.928917E-04    1.928917E-04    1.928917E-04    1.928917E-04    1.928917E-04    1.928917E-04    1.928917E-04    1.928917E-04    1.928917E-04    1.928917E-04    1.928917E-04    1.928917E-04    1.928917E-04    1.928917E-04    1.928917E-04
   1.928917E-04    1.928917E-04    1.928917E-04    1.928917E-04    1.928917E-04    1.928917E-04    1.928917E-04    1.928917E-04    1.928917E-04    1.928917E-04    1.928917E-04    1.928917E-04    1.928917E-04    1.928917E-04    1.928917E-04    1.928917E-04    1.928917E-04    1.928917E-04    1.928917E-04    1.928917E-04
   1.928917E-04    1.928917E-04    1.928917E-04    1.928917E-04    1.928917E-04    1.928917E-04    1.928917E-04    1.928917E-04    1.928917E-04    1.928917E-04    1.928917E-04    1.928917E-04    1.928917E-04    1.928917E-04    1.928917E-04    1.928917E-04    1.928917E-04    1.928917E-04    1.928917E-04    1.928917E-04
   1.928917E-04    1.928917E-04    1.928917E-04    1.928917E-04    1.928917E-04    1.928917E-04    1.928917E-04    1.928917E-04    1.928917E-04    1.928917E-04    1.928917E-04    1.928917E-04    1.928917E-04    1.928917E-04    1.928917E-04    1.928917E-04    1.928917E-04    1.928917E-04    1.928917E-04    1.928917E-04
   1.928917E-04    1.928917E-04    1.928917E-04    1.928917E-04    1.928917E-04    1.928917E-04    1.928917E-04    1.928917E-04    1.928917E-04    1.928917E-04    1.928917E-04    1.928917E-04    1.928917E-04    1.928917E-04    1.928917E-04    1.928917E-04    1.928917E-04    1.928917E-04    1.928917E-04    1.928917E-04
   1.928917E-04    1.928917E-04    1.928917E-04    1.928917E-04    1.928917E-04    1.928917E-04    1.928917E-04    1.928917E-04    1.928917E-04    1.928917E-04    1.928917E-04    1.928917E-04    1.928917E-04    1.928917E-04    1.928917E-04    1.928917E-04    1.928917E-04    1.928917E-04    1.928917E-04    1.928917E-04
   1.928917E-04    1.928917E-04    1.928917E-04    1.928917E-04    1.928917E-04    1.928917E-04    1.928917E-04    1.928917E-04    1.928917E-04    1.928917E-04    1.928917E-04    1.928917E-04    1.928917E-04    1.928917E-04    1.928917E-04    1.928917E-04    1.928917E-04    1.928917E-04    1.928917E-04    1.928917E-04
   1.928917E-04    1.928917E-04    1.928917E-04    1.928917E-04    1.928917E-04    1.928917E-04    1.928917E-04    1.928917E-04    1.928917E-04    1.928917E-04    1.928917E-04    1.928917E-04    1.928917E-04    1.928917E-04    1.928917E-04    1.928917E-04    1.928917E-04    1.928917E-04    1.928917E-04    1.928917E-04
   1.928917E-04    1.928917E-04    1.928917E-04    1.928917E-04    1.928917E-04    1.928917E-04    1.928917E-04    1.928917E-04    1.928917E-04    1.928917E-04    1.928917E-04    1.928917E-04    1.928917E-04    1.928917E-04    1.928917E-04    1.928917E-04    1.928917E-04    1.928917E-04    1.928917E-04    1.928917E-04
   1.928917E-04    1.928917E-04    1.928917E-04    1.928917E-04    1.928917E-04    1.928917E-04    1.928917E-04    1.928917E-04    1.928917E-04    1.928917E-04    1.928917E-04    1.928917E-04    1.928917E-04    1.928917E-04    1.928917E-04    1.928917E-04    1.928917E-04    1.928917E-04    1.928917E-04    1.928917E-04
