   1.887303E-04    1.887303E-04    1.887303E-04    1.887303E-04    1.887303E-04    1.887303E-04    1.887303E-04    1.887303E-04    1.887303E-04    1.887303E-04    1.887303E-04    1.887303E-04    1.887303E-04    1.887303E-04    1.887303E-04    1.887303E-04    1.887303E-04    1.887303E-04    1.887303E-04    1.887303E-04
   1.887303E-04    1.887303E-04    1.887303E-04    1.887303E-04    1.887303E-04    1.887303E-04    1.887303E-04    1.887303E-04    1.887303E-04    1.887303E-04    1.887303E-04    1.887303E-04    1.887303E-04    1.887303E-04    1.887303E-04    1.887303E-04    1.887303E-04    1.887303E-04    1.887303E-04    1.887303E-04
   1.887303E-04    1.887303E-04    1.887303E-04    1.887303E-04    1.887303E-04    1.887303E-04    1.887303E-04    1.887303E-04    1.887303E-04    1.887303E-04    1.887303E-04    1.887303E-04    1.887303E-04    1.887303E-04    1.887303E-04    1.887303E-04    1.887303E-04    1.887303E-04    1.887303E-04    1.887303E-04
   1.887303E-04    1.887303E-04    1.887303E-04    1.887303E-04    1.887303E-04    1.887303E-04    1.887303E-04    1.887303E-04    1.887303E-04    1.887303E-04    1.887303E-04    1.887303E-04    1.887303E-04    1.887303E-04    1.887303E-04    1.887303E-04    1.887303E-04    1.887303E-04    1.887303E-04    1.887303E-04
   1.887303E-04    1.887303E-04    1.887303E-04    1.887303E-04    1.887303E-04    1.887303E-04    1.887303E-04    1.887303E-04    1.887303E-04    1.887303E-04    1.887303E-04    1.887303E-04    1.887303E-04    1.887303E-04    1.887303E-04    1.887303E-04    1.887303E-04    1.887303E-04    1.887303E-04    1.887303E-04
   1.887303E-04    1.887303E-04    1.887303E-04    1.887303E-04    1.887303E-04    1.887303E-04    1.887303E-04    1.887303E-04    1.887303E-04    1.887303E-04    1.887303E-04    1.887303E-04    1.887303E-04    1.887303E-04    1.887303E-04    1.887303E-04    1.887303E-04    1.887303E-04    1.887303E-04    1.887303E-04
   1.887303E-04    1.887303E-04    1.887303E-04    1.887303E-04    1.887303E-04    1.887303E-04    1.887303E-04    1.887303E-04    1.887303E-04    1.887303E-04    1.887303E-04    1.887303E-04    1.887303E-04    1.887303E-04    1.887303E-04    1.887303E-04    1.887303E-04    1.887303E-04    1.887303E-04    1.887303E-04
   1.887303E-04    1.887303E-04    1.887303E-04    1.887303E-04    1.887303E-04    1.887303E-04    1.887303E-04    1.887303E-04    1.887303E-04    1.887303E-04    1.887303E-04    1.887303E-04    1.887303E-04    1.887303E-04    1.887303E-04    1.887303E-04    1.887303E-04    1.887303E-04    1.887303E-04    1.887303E-04
   1.887303E-04    1.887303E-04    1.887303E-04    1.887303E-04    1.887303E-04    1.887303E-04    1.887303E-04    1.887303E-04    1.887303E-04    1.887303E-04    1.887303E-04    1.887303E-04    1.887303E-04    1.887303E-04    1.887303E-04    1.887303E-04    1.887303E-04    1.887303E-04    1.887303E-04    1.887303E-04
   1.887303E-04    1.887303E-04    1.887303E-04    1.887303E-04    1.887303E-04    1.887303E-04    1.887303E-04    1.887303E-04    1.887303E-04    1.887303E-04    1.887303E-04    1.887303E-04    1.887303E-04    1.887303E-04    1.887303E-04    1.887303E-04    1.887303E-04    1.887303E-04    1.887303E-04    1.887303E-04
   1.887303E-04    1.887303E-04    1.887303E-04    1.887303E-04    1.887303E-04    1.887303E-04    1.887303E-04    1.887303E-04    1.887303E-04    1.887303E-04    1.887303E-04    1.887303E-04    1.887303E-04    1.887303E-04    1.887303E-04    1.887303E-04    1.887303E-04    1.887303E-04    1.887303E-04    1.887303E-04
   1.887303E-04    1.887303E-04    1.887303E-04    1.887303E-04    1.887303E-04    1.887303E-04    1.887303E-04    1.887303E-04    1.887303E-04    1.887303E-04    1.887303E-04    1.887303E-04    1.887303E-04    1.887303E-04    1.887303E-04    1.887303E-04    1.887303E-04    1.887303E-04    1.887303E-04    1.887303E-04
   1.887303E-04    1.887303E-04    1.887303E-04    1.887303E-04    1.887303E-04    1.887303E-04    1.887303E-04    1.887303E-04    1.887303E-04    1.887303E-04    1.887303E-04    1.887303E-04    1.887303E-04    1.887303E-04    1.887303E-04    1.887303E-04    1.887303E-04    1.887303E-04    1.887303E-04    1.887303E-04
   1.887303E-04    1.887303E-04    1.887303E-04    1.887303E-04    1.887303E-04    1.887303E-04    1.887303E-04    1.887303E-04    1.887303E-04    1.887303E-04    1.887303E-04    1.887303E-04    1.887303E-04    1.887303E-04    1.887303E-04    1.887303E-04    1.887303E-04    1.887303E-04    1.887303E-04    1.887303E-04
   1.887303E-04    1.887303E-04    1.887303E-04    1.887303E-04    1.887303E-04    1.887303E-04    1.887303E-04    1.887303E-04    1.887303E-04    1.887303E-04    1.887303E-04    1.887303E-04    1.887303E-04    1.887303E-04    1.887303E-04    1.887303E-04    1.887303E-04    1.887303E-04    1.887303E-04    1.887303E-04
   1.887303E-04    1.887303E-04    1.887303E-04    1.887303E-04    1.887303E-04    1.887303E-04    1.887303E-04    1.887303E-04    1.887303E-04    1.887303E-04    1.887303E-04    1.887303E-04    1.887303E-04    1.887303E-04    1.887303E-04    1.887303E-04    1.887303E-04    1.887303E-04    1.887303E-04    1.887303E-04
   1.887303E-04    1.887303E-04    1.887303E-04    1.887303E-04    1.887303E-04    1.887303E-04    1.887303E-04    1.887303E-04    1.887303E-04    1.887303E-04    1.887303E-04    1.887303E-04    1.887303E-04    1.887303E-04    1.887303E-04    1.887303E-04    1.887303E-04    1.887303E-04    1.887303E-04    1.887303E-04
   1.887303E-04    1.887303E-04    1.887303E-04    1.887303E-04    1.887303E-04    1.887303E-04    1.887303E-04    1.887303E-04    1.887303E-04    1.887303E-04    1.887303E-04    1.887303E-04    1.887303E-04    1.887303E-04    1.887303E-04    1.887303E-04    1.887303E-04    1.887303E-04    1.887303E-04    1.887303E-04
   1.887303E-04    1.887303E-04    1.887303E-04    1.887303E-04    1.887303E-04    1.887303E-04    1.887303E-04    1.887303E-04    1.887303E-04    1.887303E-04    1.887303E-04    1.887303E-04    1.887303E-04    1.887303E-04    1.887303E-04    1.887303E-04    1.887303E-04    1.887303E-04    1.887303E-04    1.887303E-04
   1.887303E-04    1.887303E-04    1.887303E-04    1.887303E-04    1.887303E-04    1.887303E-04    1.887303E-04    1.887303E-04    1.887303E-04    1.887303E-04    1.887303E-04    1.887303E-04    1.887303E-04    1.887303E-04    1.887303E-04    1.887303E-04    1.887303E-04    1.887303E-04    1.887303E-04    1.887303E-04
   1.887303E-04    1.887303E-04    1.887303E-04    1.887303E-04    1.887303E-04    1.887303E-04    1.887303E-04    1.887303E-04    1.887303E-04    1.887303E-04    1.887303E-04    1.887303E-04    1.887303E-04    1.887303E-04    1.887303E-04    1.887303E-04    1.887303E-04    1.887303E-04    1.887303E-04    1.887303E-04
   1.887303E-04    1.887303E-04    1.887303E-04    1.887303E-04    1.887303E-04    1.887303E-04    1.887303E-04    1.887303E-04    1.887303E-04    1.887303E-04    1.887303E-04    1.887303E-04    1.887303E-04    1.887303E-04    1.887303E-04    1.887303E-04    1.887303E-04    1.887303E-04    1.887303E-04    1.887303E-04
   1.887303E-04    1.887303E-04    1.887303E-04    1.887303E-04    1.887303E-04    1.887303E-04    1.887303E-04    1.887303E-04    1.887303E-04    1.887303E-04    1.887303E-04    1.887303E-04    1.887303E-04    1.887303E-04    1.887303E-04    1.887303E-04    1.887303E-04    1.887303E-04    1.887303E-04    1.887303E-04
   1.887303E-04    1.887303E-04    1.887303E-04    1.887303E-04    1.887303E-04    1.887303E-04    1.887303E-04    1.887303E-04    1.887303E-04    1.887303E-04    1.887303E-04    1.887303E-04    1.887303E-04    1.887303E-04    1.887303E-04    1.887303E-04    1.887303E-04    1.887303E-04    1.887303E-04    1.887303E-04
   1.887303E-04    1.887303E-04    1.887303E-04    1.887303E-04    1.887303E-04    1.887303E-04    1.887303E-04    1.887303E-04    1.887303E-04    1.887303E-04    1.887303E-04    1.887303E-04    1.887303E-04    1.887303E-04    1.887303E-04    1.887303E-04    1.887303E-04    1.887303E-04    1.887303E-04    1.887303E-04
   1.887303E-04    1.887303E-04    1.887303E-04    1.887303E-04    1.887303E-04    1.887303E-04    1.887303E-04    1.887303E-04    1.887303E-04    1.887303E-04    1.887303E-04    1.887303E-04    1.887303E-04    1.887303E-04    1.887303E-04    1.887303E-04    1.887303E-04    1.887303E-04    1.887303E-04    1.887303E-04
   1.887303E-04    1.887303E-04    1.887303E-04    1.887303E-04    1.887303E-04    1.887303E-04    1.887303E-04    1.887303E-04    1.887303E-04    1.887303E-04    1.887303E-04    1.887303E-04    1.887303E-04    1.887303E-04    1.887303E-04    1.887303E-04    1.887303E-04    1.887303E-04    1.887303E-04    1.887303E-04
   1.887303E-04    1.887303E-04    1.887303E-04    1.887303E-04    1.887303E-04    1.887303E-04    1.887303E-04    1.887303E-04    1.887303E-04    1.887303E-04    1.887303E-04    1.887303E-04    1.887303E-04    1.887303E-04    1.887303E-04    1.887303E-04    1.887303E-04    1.887303E-04    1.887303E-04    1.887303E-04
   1.887303E-04    1.887303E-04    1.887303E-04    1.887303E-04    1.887303E-04    1.887303E-04    1.887303E-04    1.887303E-04    1.887303E-04    1.887303E-04    1.887303E-04    1.887303E-04    1.887303E-04    1.887303E-04    1.887303E-04    1.887303E-04    1.887303E-04    1.887303E-04    1.887303E-04    1.887303E-04
   1.887303E-04    1.887303E-04    1.887303E-04    1.887303E-04    1.887303E-04    1.887303E-04    1.887303E-04    1.887303E-04    1.887303E-04    1.887303E-04    1.887303E-04    1.887303E-04    1.887303E-04    1.887303E-04    1.887303E-04    1.887303E-04    1.887303E-04    1.887303E-04    1.887303E-04    1.887303E-04
   1.887303E-04    1.887303E-04    1.887303E-04    1.887303E-04    1.887303E-04    1.887303E-04    1.887303E-04    1.887303E-04    1.887303E-04    1.887303E-04    1.887303E-04    1.887303E-04    1.887303E-04    1.887303E-04    1.887303E-04    1.887303E-04    1.887303E-04    1.887303E-04    1.887303E-04    1.887303E-04
   1.887303E-04    1.887303E-04    1.887303E-04    1.887303E-04    1.887303E-04    1.887303E-04    1.887303E-04    1.887303E-04    1.887303E-04    1.887303E-04    1.887303E-04    1.887303E-04    1.887303E-04    1.887303E-04    1.887303E-04    1.887303E-04    1.887303E-04    1.887303E-04    1.887303E-04    1.887303E-04
   1.887303E-04    1.887303E-04    1.887303E-04    1.887303E-04    1.887303E-04    1.887303E-04    1.887303E-04    1.887303E-04    1.887303E-04    1.887303E-04    1.887303E-04    1.887303E-04    1.887303E-04    1.887303E-04    1.887303E-04    1.887303E-04    1.887303E-04    1.887303E-04    1.887303E-04    1.887303E-04
   1.887303E-04    1.887303E-04    1.887303E-04    1.887303E-04    1.887303E-04    1.887303E-04    1.887303E-04    1.887303E-04    1.887303E-04    1.887303E-04    1.887303E-04    1.887303E-04    1.887303E-04    1.887303E-04    1.887303E-04    1.887303E-04    1.887303E-04    1.887303E-04    1.887303E-04    1.887303E-04
   1.887303E-04    1.887303E-04    1.887303E-04    1.887303E-04    1.887303E-04    1.887303E-04    1.887303E-04    1.887303E-04    1.887303E-04    1.887303E-04    1.887303E-04    1.887303E-04    1.887303E-04    1.887303E-04    1.887303E-04    1.887303E-04    1.887303E-04    1.887303E-04    1.887303E-04    1.887303E-04
   1.887303E-04    1.887303E-04    1.887303E-04    1.887303E-04    1.887303E-04    1.887303E-04    1.887303E-04    1.887303E-04    1.887303E-04    1.887303E-04    1.887303E-04    1.887303E-04    1.887303E-04    1.887303E-04    1.887303E-04    1.887303E-04    1.887303E-04    1.887303E-04    1.887303E-04    1.887303E-04
   1.887303E-04    1.887303E-04    1.887303E-04    1.887303E-04    1.887303E-04    1.887303E-04    1.887303E-04    1.887303E-04    1.887303E-04    1.887303E-04    1.887303E-04    1.887303E-04    1.887303E-04    1.887303E-04    1.887303E-04    1.887303E-04    1.887303E-04    1.887303E-04    1.887303E-04    1.887303E-04
   1.887303E-04    1.887303E-04    1.887303E-04    1.887303E-04    1.887303E-04    1.887303E-04    1.887303E-04    1.887303E-04    1.887303E-04    1.887303E-04    1.887303E-04    1.887303E-04    1.887303E-04    1.887303E-04    1.887303E-04    1.887303E-04    1.887303E-04    1.887303E-04    1.887303E-04    1.887303E-04
   1.887303E-04    1.887303E-04    1.887303E-04    1.887303E-04    1.887303E-04    1.887303E-04    1.887303E-04    1.887303E-04    1.887303E-04    1.887303E-04    1.887303E-04    1.887303E-04    1.887303E-04    1.887303E-04    1.887303E-04    1.887303E-04    1.887303E-04    1.887303E-04    1.887303E-04    1.887303E-04
   1.887303E-04    1.887303E-04    1.887303E-04    1.887303E-04    1.887303E-04    1.887303E-04    1.887303E-04    1.887303E-04    1.887303E-04    1.887303E-04    1.887303E-04    1.887303E-04    1.887303E-04    1.887303E-04    1.887303E-04    1.887303E-04    1.887303E-04    1.887303E-04    1.887303E-04    1.887303E-04
