   1.132880E-05    1.132880E-05    1.132880E-05    1.132880E-05    1.132880E-05    1.132880E-05    1.132880E-05    1.132880E-05    1.132880E-05    1.132880E-05    1.132880E-05    1.132880E-05    1.132880E-05    1.132880E-05    1.132880E-05    1.132880E-05    1.132880E-05    1.132880E-05    1.132880E-05    1.132880E-05
   1.132880E-05    1.132880E-05    1.132880E-05    1.132880E-05    1.132880E-05    1.132880E-05    1.132880E-05    1.132880E-05    1.132880E-05    1.132880E-05    1.132880E-05    1.132880E-05    1.132880E-05    1.132880E-05    1.132880E-05    1.132880E-05    1.132880E-05    1.132880E-05    1.132880E-05    1.132880E-05
   1.132880E-05    1.132880E-05    1.132880E-05    1.132880E-05    1.132880E-05    1.132880E-05    1.132880E-05    1.132880E-05    1.132880E-05    1.132880E-05    1.132880E-05    1.132880E-05    1.132880E-05    1.132880E-05    1.132880E-05    1.132880E-05    1.132880E-05    1.132880E-05    1.132880E-05    1.132880E-05
   1.132880E-05    1.132880E-05    1.132880E-05    1.132880E-05    1.132880E-05    1.132880E-05    1.132880E-05    1.132880E-05    1.132880E-05    1.132880E-05    1.132880E-05    1.132880E-05    1.132880E-05    1.132880E-05    1.132880E-05    1.132880E-05    1.132880E-05    1.132880E-05    1.132880E-05    1.132880E-05
   1.132880E-05    1.132880E-05    1.132880E-05    1.132880E-05    1.132880E-05    1.132880E-05    1.132880E-05    1.132880E-05    1.132880E-05    1.132880E-05    1.132880E-05    1.132880E-05    1.132880E-05    1.132880E-05    1.132880E-05    1.132880E-05    1.132880E-05    1.132880E-05    1.132880E-05    1.132880E-05
   1.132880E-05    1.132880E-05    1.132880E-05    1.132880E-05    1.132880E-05    1.132880E-05    1.132880E-05    1.132880E-05    1.132880E-05    1.132880E-05    1.132880E-05    1.132880E-05    1.132880E-05    1.132880E-05    1.132880E-05    1.132880E-05    1.132880E-05    1.132880E-05    1.132880E-05    1.132880E-05
   1.132880E-05    1.132880E-05    1.132880E-05    1.132880E-05    1.132880E-05    1.132880E-05    1.132880E-05    1.132880E-05    1.132880E-05    1.132880E-05    1.132880E-05    1.132880E-05    1.132880E-05    1.132880E-05    1.132880E-05    1.132880E-05    1.132880E-05    1.132880E-05    1.132880E-05    1.132880E-05
   1.132880E-05    1.132880E-05    1.132880E-05    1.132880E-05    1.132880E-05    1.132880E-05    1.132880E-05    1.132880E-05    1.132880E-05    1.132880E-05    1.132880E-05    1.132880E-05    1.132880E-05    1.132880E-05    1.132880E-05    1.132880E-05    1.132880E-05    1.132880E-05    1.132880E-05    1.132880E-05
   1.132880E-05    1.132880E-05    1.132880E-05    1.132880E-05    1.132880E-05    1.132880E-05    1.132880E-05    1.132880E-05    1.132880E-05    1.132880E-05    1.132880E-05    1.132880E-05    1.132880E-05    1.132880E-05    1.132880E-05    1.132880E-05    1.132880E-05    1.132880E-05    1.132880E-05    1.132880E-05
   1.132880E-05    1.132880E-05    1.132880E-05    1.132880E-05    1.132880E-05    1.132880E-05    1.132880E-05    1.132880E-05    1.132880E-05    1.132880E-05    1.132880E-05    1.132880E-05    1.132880E-05    1.132880E-05    1.132880E-05    1.132880E-05    1.132880E-05    1.132880E-05    1.132880E-05    1.132880E-05
   1.132880E-05    1.132880E-05    1.132880E-05    1.132880E-05    1.132880E-05    1.132880E-05    1.132880E-05    1.132880E-05    1.132880E-05    1.132880E-05    1.132880E-05    1.132880E-05    1.132880E-05    1.132880E-05    1.132880E-05    1.132880E-05    1.132880E-05    1.132880E-05    1.132880E-05    1.132880E-05
   1.132880E-05    1.132880E-05    1.132880E-05    1.132880E-05    1.132880E-05    1.132880E-05    1.132880E-05    1.132880E-05    1.132880E-05    1.132880E-05    1.132880E-05    1.132880E-05    1.132880E-05    1.132880E-05    1.132880E-05    1.132880E-05    1.132880E-05    1.132880E-05    1.132880E-05    1.132880E-05
   1.132880E-05    1.132880E-05    1.132880E-05    1.132880E-05    1.132880E-05    1.132880E-05    1.132880E-05    1.132880E-05    1.132880E-05    1.132880E-05    1.132880E-05    1.132880E-05    1.132880E-05    1.132880E-05    1.132880E-05    1.132880E-05    1.132880E-05    1.132880E-05    1.132880E-05    1.132880E-05
   1.132880E-05    1.132880E-05    1.132880E-05    1.132880E-05    1.132880E-05    1.132880E-05    1.132880E-05    1.132880E-05    1.132880E-05    1.132880E-05    1.132880E-05    1.132880E-05    1.132880E-05    1.132880E-05    1.132880E-05    1.132880E-05    1.132880E-05    1.132880E-05    1.132880E-05    1.132880E-05
   1.132880E-05    1.132880E-05    1.132880E-05    1.132880E-05    1.132880E-05    1.132880E-05    1.132880E-05    1.132880E-05    1.132880E-05    1.132880E-05    1.132880E-05    1.132880E-05    1.132880E-05    1.132880E-05    1.132880E-05    1.132880E-05    1.132880E-05    1.132880E-05    1.132880E-05    1.132880E-05
   1.132880E-05    1.132880E-05    1.132880E-05    1.132880E-05    1.132880E-05    1.132880E-05    1.132880E-05    1.132880E-05    1.132880E-05    1.132880E-05    1.132880E-05    1.132880E-05    1.132880E-05    1.132880E-05    1.132880E-05    1.132880E-05    1.132880E-05    1.132880E-05    1.132880E-05    1.132880E-05
   1.132880E-05    1.132880E-05    1.132880E-05    1.132880E-05    1.132880E-05    1.132880E-05    1.132880E-05    1.132880E-05    1.132880E-05    1.132880E-05    1.132880E-05    1.132880E-05    1.132880E-05    1.132880E-05    1.132880E-05    1.132880E-05    1.132880E-05    1.132880E-05    1.132880E-05    1.132880E-05
   1.132880E-05    1.132880E-05    1.132880E-05    1.132880E-05    1.132880E-05    1.132880E-05    1.132880E-05    1.132880E-05    1.132880E-05    1.132880E-05    1.132880E-05    1.132880E-05    1.132880E-05    1.132880E-05    1.132880E-05    1.132880E-05    1.132880E-05    1.132880E-05    1.132880E-05    1.132880E-05
   1.132880E-05    1.132880E-05    1.132880E-05    1.132880E-05    1.132880E-05    1.132880E-05    1.132880E-05    1.132880E-05    1.132880E-05    1.132880E-05    1.132880E-05    1.132880E-05    1.132880E-05    1.132880E-05    1.132880E-05    1.132880E-05    1.132880E-05    1.132880E-05    1.132880E-05    1.132880E-05
   1.132880E-05    1.132880E-05    1.132880E-05    1.132880E-05    1.132880E-05    1.132880E-05    1.132880E-05    1.132880E-05    1.132880E-05    1.132880E-05    1.132880E-05    1.132880E-05    1.132880E-05    1.132880E-05    1.132880E-05    1.132880E-05    1.132880E-05    1.132880E-05    1.132880E-05    1.132880E-05
   1.132880E-05    1.132880E-05    1.132880E-05    1.132880E-05    1.132880E-05    1.132880E-05    1.132880E-05    1.132880E-05    1.132880E-05    1.132880E-05    1.132880E-05    1.132880E-05    1.132880E-05    1.132880E-05    1.132880E-05    1.132880E-05    1.132880E-05    1.132880E-05    1.132880E-05    1.132880E-05
   1.132880E-05    1.132880E-05    1.132880E-05    1.132880E-05    1.132880E-05    1.132880E-05    1.132880E-05    1.132880E-05    1.132880E-05    1.132880E-05    1.132880E-05    1.132880E-05    1.132880E-05    1.132880E-05    1.132880E-05    1.132880E-05    1.132880E-05    1.132880E-05    1.132880E-05    1.132880E-05
   1.132880E-05    1.132880E-05    1.132880E-05    1.132880E-05    1.132880E-05    1.132880E-05    1.132880E-05    1.132880E-05    1.132880E-05    1.132880E-05    1.132880E-05    1.132880E-05    1.132880E-05    1.132880E-05    1.132880E-05    1.132880E-05    1.132880E-05    1.132880E-05    1.132880E-05    1.132880E-05
   1.132880E-05    1.132880E-05    1.132880E-05    1.132880E-05    1.132880E-05    1.132880E-05    1.132880E-05    1.132880E-05    1.132880E-05    1.132880E-05    1.132880E-05    1.132880E-05    1.132880E-05    1.132880E-05    1.132880E-05    1.132880E-05    1.132880E-05    1.132880E-05    1.132880E-05    1.132880E-05
   1.132880E-05    1.132880E-05    1.132880E-05    1.132880E-05    1.132880E-05    1.132880E-05    1.132880E-05    1.132880E-05    1.132880E-05    1.132880E-05    1.132880E-05    1.132880E-05    1.132880E-05    1.132880E-05    1.132880E-05    1.132880E-05    1.132880E-05    1.132880E-05    1.132880E-05    1.132880E-05
   1.132880E-05    1.132880E-05    1.132880E-05    1.132880E-05    1.132880E-05    1.132880E-05    1.132880E-05    1.132880E-05    1.132880E-05    1.132880E-05    1.132880E-05    1.132880E-05    1.132880E-05    1.132880E-05    1.132880E-05    1.132880E-05    1.132880E-05    1.132880E-05    1.132880E-05    1.132880E-05
   1.132880E-05    1.132880E-05    1.132880E-05    1.132880E-05    1.132880E-05    1.132880E-05    1.132880E-05    1.132880E-05    1.132880E-05    1.132880E-05    1.132880E-05    1.132880E-05    1.132880E-05    1.132880E-05    1.132880E-05    1.132880E-05    1.132880E-05    1.132880E-05    1.132880E-05    1.132880E-05
   1.132880E-05    1.132880E-05    1.132880E-05    1.132880E-05    1.132880E-05    1.132880E-05    1.132880E-05    1.132880E-05    1.132880E-05    1.132880E-05    1.132880E-05    1.132880E-05    1.132880E-05    1.132880E-05    1.132880E-05    1.132880E-05    1.132880E-05    1.132880E-05    1.132880E-05    1.132880E-05
   1.132880E-05    1.132880E-05    1.132880E-05    1.132880E-05    1.132880E-05    1.132880E-05    1.132880E-05    1.132880E-05    1.132880E-05    1.132880E-05    1.132880E-05    1.132880E-05    1.132880E-05    1.132880E-05    1.132880E-05    1.132880E-05    1.132880E-05    1.132880E-05    1.132880E-05    1.132880E-05
   1.132880E-05    1.132880E-05    1.132880E-05    1.132880E-05    1.132880E-05    1.132880E-05    1.132880E-05    1.132880E-05    1.132880E-05    1.132880E-05    1.132880E-05    1.132880E-05    1.132880E-05    1.132880E-05    1.132880E-05    1.132880E-05    1.132880E-05    1.132880E-05    1.132880E-05    1.132880E-05
   1.132880E-05    1.132880E-05    1.132880E-05    1.132880E-05    1.132880E-05    1.132880E-05    1.132880E-05    1.132880E-05    1.132880E-05    1.132880E-05    1.132880E-05    1.132880E-05    1.132880E-05    1.132880E-05    1.132880E-05    1.132880E-05    1.132880E-05    1.132880E-05    1.132880E-05    1.132880E-05
   1.132880E-05    1.132880E-05    1.132880E-05    1.132880E-05    1.132880E-05    1.132880E-05    1.132880E-05    1.132880E-05    1.132880E-05    1.132880E-05    1.132880E-05    1.132880E-05    1.132880E-05    1.132880E-05    1.132880E-05    1.132880E-05    1.132880E-05    1.132880E-05    1.132880E-05    1.132880E-05
   1.132880E-05    1.132880E-05    1.132880E-05    1.132880E-05    1.132880E-05    1.132880E-05    1.132880E-05    1.132880E-05    1.132880E-05    1.132880E-05    1.132880E-05    1.132880E-05    1.132880E-05    1.132880E-05    1.132880E-05    1.132880E-05    1.132880E-05    1.132880E-05    1.132880E-05    1.132880E-05
   1.132880E-05    1.132880E-05    1.132880E-05    1.132880E-05    1.132880E-05    1.132880E-05    1.132880E-05    1.132880E-05    1.132880E-05    1.132880E-05    1.132880E-05    1.132880E-05    1.132880E-05    1.132880E-05    1.132880E-05    1.132880E-05    1.132880E-05    1.132880E-05    1.132880E-05    1.132880E-05
   1.132880E-05    1.132880E-05    1.132880E-05    1.132880E-05    1.132880E-05    1.132880E-05    1.132880E-05    1.132880E-05    1.132880E-05    1.132880E-05    1.132880E-05    1.132880E-05    1.132880E-05    1.132880E-05    1.132880E-05    1.132880E-05    1.132880E-05    1.132880E-05    1.132880E-05    1.132880E-05
   1.132880E-05    1.132880E-05    1.132880E-05    1.132880E-05    1.132880E-05    1.132880E-05    1.132880E-05    1.132880E-05    1.132880E-05    1.132880E-05    1.132880E-05    1.132880E-05    1.132880E-05    1.132880E-05    1.132880E-05    1.132880E-05    1.132880E-05    1.132880E-05    1.132880E-05    1.132880E-05
   1.132880E-05    1.132880E-05    1.132880E-05    1.132880E-05    1.132880E-05    1.132880E-05    1.132880E-05    1.132880E-05    1.132880E-05    1.132880E-05    1.132880E-05    1.132880E-05    1.132880E-05    1.132880E-05    1.132880E-05    1.132880E-05    1.132880E-05    1.132880E-05    1.132880E-05    1.132880E-05
   1.132880E-05    1.132880E-05    1.132880E-05    1.132880E-05    1.132880E-05    1.132880E-05    1.132880E-05    1.132880E-05    1.132880E-05    1.132880E-05    1.132880E-05    1.132880E-05    1.132880E-05    1.132880E-05    1.132880E-05    1.132880E-05    1.132880E-05    1.132880E-05    1.132880E-05    1.132880E-05
   1.132880E-05    1.132880E-05    1.132880E-05    1.132880E-05    1.132880E-05    1.132880E-05    1.132880E-05    1.132880E-05    1.132880E-05    1.132880E-05    1.132880E-05    1.132880E-05    1.132880E-05    1.132880E-05    1.132880E-05    1.132880E-05    1.132880E-05    1.132880E-05    1.132880E-05    1.132880E-05
   1.132880E-05    1.132880E-05    1.132880E-05    1.132880E-05    1.132880E-05    1.132880E-05    1.132880E-05    1.132880E-05    1.132880E-05    1.132880E-05    1.132880E-05    1.132880E-05    1.132880E-05    1.132880E-05    1.132880E-05    1.132880E-05    1.132880E-05    1.132880E-05    1.132880E-05    1.132880E-05
