   1.106739E-05    1.106739E-05    1.106739E-05    1.106739E-05    1.106739E-05    1.106739E-05    1.106739E-05    1.106739E-05    1.106739E-05    1.106739E-05    1.106739E-05    1.106739E-05    1.106739E-05    1.106739E-05    1.106739E-05    1.106739E-05    1.106739E-05    1.106739E-05    1.106739E-05    1.106739E-05
   1.106739E-05    1.106739E-05    1.106739E-05    1.106739E-05    1.106739E-05    1.106739E-05    1.106739E-05    1.106739E-05    1.106739E-05    1.106739E-05    1.106739E-05    1.106739E-05    1.106739E-05    1.106739E-05    1.106739E-05    1.106739E-05    1.106739E-05    1.106739E-05    1.106739E-05    1.106739E-05
   1.106739E-05    1.106739E-05    1.106739E-05    1.106739E-05    1.106739E-05    1.106739E-05    1.106739E-05    1.106739E-05    1.106739E-05    1.106739E-05    1.106739E-05    1.106739E-05    1.106739E-05    1.106739E-05    1.106739E-05    1.106739E-05    1.106739E-05    1.106739E-05    1.106739E-05    1.106739E-05
   1.106739E-05    1.106739E-05    1.106739E-05    1.106739E-05    1.106739E-05    1.106739E-05    1.106739E-05    1.106739E-05    1.106739E-05    1.106739E-05    1.106739E-05    1.106739E-05    1.106739E-05    1.106739E-05    1.106739E-05    1.106739E-05    1.106739E-05    1.106739E-05    1.106739E-05    1.106739E-05
   1.106739E-05    1.106739E-05    1.106739E-05    1.106739E-05    1.106739E-05    1.106739E-05    1.106739E-05    1.106739E-05    1.106739E-05    1.106739E-05    1.106739E-05    1.106739E-05    1.106739E-05    1.106739E-05    1.106739E-05    1.106739E-05    1.106739E-05    1.106739E-05    1.106739E-05    1.106739E-05
   1.106739E-05    1.106739E-05    1.106739E-05    1.106739E-05    1.106739E-05    1.106739E-05    1.106739E-05    1.106739E-05    1.106739E-05    1.106739E-05    1.106739E-05    1.106739E-05    1.106739E-05    1.106739E-05    1.106739E-05    1.106739E-05    1.106739E-05    1.106739E-05    1.106739E-05    1.106739E-05
   1.106739E-05    1.106739E-05    1.106739E-05    1.106739E-05    1.106739E-05    1.106739E-05    1.106739E-05    1.106739E-05    1.106739E-05    1.106739E-05    1.106739E-05    1.106739E-05    1.106739E-05    1.106739E-05    1.106739E-05    1.106739E-05    1.106739E-05    1.106739E-05    1.106739E-05    1.106739E-05
   1.106739E-05    1.106739E-05    1.106739E-05    1.106739E-05    1.106739E-05    1.106739E-05    1.106739E-05    1.106739E-05    1.106739E-05    1.106739E-05    1.106739E-05    1.106739E-05    1.106739E-05    1.106739E-05    1.106739E-05    1.106739E-05    1.106739E-05    1.106739E-05    1.106739E-05    1.106739E-05
   1.106739E-05    1.106739E-05    1.106739E-05    1.106739E-05    1.106739E-05    1.106739E-05    1.106739E-05    1.106739E-05    1.106739E-05    1.106739E-05    1.106739E-05    1.106739E-05    1.106739E-05    1.106739E-05    1.106739E-05    1.106739E-05    1.106739E-05    1.106739E-05    1.106739E-05    1.106739E-05
   1.106739E-05    1.106739E-05    1.106739E-05    1.106739E-05    1.106739E-05    1.106739E-05    1.106739E-05    1.106739E-05    1.106739E-05    1.106739E-05    1.106739E-05    1.106739E-05    1.106739E-05    1.106739E-05    1.106739E-05    1.106739E-05    1.106739E-05    1.106739E-05    1.106739E-05    1.106739E-05
   1.106739E-05    1.106739E-05    1.106739E-05    1.106739E-05    1.106739E-05    1.106739E-05    1.106739E-05    1.106739E-05    1.106739E-05    1.106739E-05    1.106739E-05    1.106739E-05    1.106739E-05    1.106739E-05    1.106739E-05    1.106739E-05    1.106739E-05    1.106739E-05    1.106739E-05    1.106739E-05
   1.106739E-05    1.106739E-05    1.106739E-05    1.106739E-05    1.106739E-05    1.106739E-05    1.106739E-05    1.106739E-05    1.106739E-05    1.106739E-05    1.106739E-05    1.106739E-05    1.106739E-05    1.106739E-05    1.106739E-05    1.106739E-05    1.106739E-05    1.106739E-05    1.106739E-05    1.106739E-05
   1.106739E-05    1.106739E-05    1.106739E-05    1.106739E-05    1.106739E-05    1.106739E-05    1.106739E-05    1.106739E-05    1.106739E-05    1.106739E-05    1.106739E-05    1.106739E-05    1.106739E-05    1.106739E-05    1.106739E-05    1.106739E-05    1.106739E-05    1.106739E-05    1.106739E-05    1.106739E-05
   1.106739E-05    1.106739E-05    1.106739E-05    1.106739E-05    1.106739E-05    1.106739E-05    1.106739E-05    1.106739E-05    1.106739E-05    1.106739E-05    1.106739E-05    1.106739E-05    1.106739E-05    1.106739E-05    1.106739E-05    1.106739E-05    1.106739E-05    1.106739E-05    1.106739E-05    1.106739E-05
   1.106739E-05    1.106739E-05    1.106739E-05    1.106739E-05    1.106739E-05    1.106739E-05    1.106739E-05    1.106739E-05    1.106739E-05    1.106739E-05    1.106739E-05    1.106739E-05    1.106739E-05    1.106739E-05    1.106739E-05    1.106739E-05    1.106739E-05    1.106739E-05    1.106739E-05    1.106739E-05
   1.106739E-05    1.106739E-05    1.106739E-05    1.106739E-05    1.106739E-05    1.106739E-05    1.106739E-05    1.106739E-05    1.106739E-05    1.106739E-05    1.106739E-05    1.106739E-05    1.106739E-05    1.106739E-05    1.106739E-05    1.106739E-05    1.106739E-05    1.106739E-05    1.106739E-05    1.106739E-05
   1.106739E-05    1.106739E-05    1.106739E-05    1.106739E-05    1.106739E-05    1.106739E-05    1.106739E-05    1.106739E-05    1.106739E-05    1.106739E-05    1.106739E-05    1.106739E-05    1.106739E-05    1.106739E-05    1.106739E-05    1.106739E-05    1.106739E-05    1.106739E-05    1.106739E-05    1.106739E-05
   1.106739E-05    1.106739E-05    1.106739E-05    1.106739E-05    1.106739E-05    1.106739E-05    1.106739E-05    1.106739E-05    1.106739E-05    1.106739E-05    1.106739E-05    1.106739E-05    1.106739E-05    1.106739E-05    1.106739E-05    1.106739E-05    1.106739E-05    1.106739E-05    1.106739E-05    1.106739E-05
   1.106739E-05    1.106739E-05    1.106739E-05    1.106739E-05    1.106739E-05    1.106739E-05    1.106739E-05    1.106739E-05    1.106739E-05    1.106739E-05    1.106739E-05    1.106739E-05    1.106739E-05    1.106739E-05    1.106739E-05    1.106739E-05    1.106739E-05    1.106739E-05    1.106739E-05    1.106739E-05
   1.106739E-05    1.106739E-05    1.106739E-05    1.106739E-05    1.106739E-05    1.106739E-05    1.106739E-05    1.106739E-05    1.106739E-05    1.106739E-05    1.106739E-05    1.106739E-05    1.106739E-05    1.106739E-05    1.106739E-05    1.106739E-05    1.106739E-05    1.106739E-05    1.106739E-05    1.106739E-05
   1.106739E-05    1.106739E-05    1.106739E-05    1.106739E-05    1.106739E-05    1.106739E-05    1.106739E-05    1.106739E-05    1.106739E-05    1.106739E-05    1.106739E-05    1.106739E-05    1.106739E-05    1.106739E-05    1.106739E-05    1.106739E-05    1.106739E-05    1.106739E-05    1.106739E-05    1.106739E-05
   1.106739E-05    1.106739E-05    1.106739E-05    1.106739E-05    1.106739E-05    1.106739E-05    1.106739E-05    1.106739E-05    1.106739E-05    1.106739E-05    1.106739E-05    1.106739E-05    1.106739E-05    1.106739E-05    1.106739E-05    1.106739E-05    1.106739E-05    1.106739E-05    1.106739E-05    1.106739E-05
   1.106739E-05    1.106739E-05    1.106739E-05    1.106739E-05    1.106739E-05    1.106739E-05    1.106739E-05    1.106739E-05    1.106739E-05    1.106739E-05    1.106739E-05    1.106739E-05    1.106739E-05    1.106739E-05    1.106739E-05    1.106739E-05    1.106739E-05    1.106739E-05    1.106739E-05    1.106739E-05
   1.106739E-05    1.106739E-05    1.106739E-05    1.106739E-05    1.106739E-05    1.106739E-05    1.106739E-05    1.106739E-05    1.106739E-05    1.106739E-05    1.106739E-05    1.106739E-05    1.106739E-05    1.106739E-05    1.106739E-05    1.106739E-05    1.106739E-05    1.106739E-05    1.106739E-05    1.106739E-05
   1.106739E-05    1.106739E-05    1.106739E-05    1.106739E-05    1.106739E-05    1.106739E-05    1.106739E-05    1.106739E-05    1.106739E-05    1.106739E-05    1.106739E-05    1.106739E-05    1.106739E-05    1.106739E-05    1.106739E-05    1.106739E-05    1.106739E-05    1.106739E-05    1.106739E-05    1.106739E-05
   1.106739E-05    1.106739E-05    1.106739E-05    1.106739E-05    1.106739E-05    1.106739E-05    1.106739E-05    1.106739E-05    1.106739E-05    1.106739E-05    1.106739E-05    1.106739E-05    1.106739E-05    1.106739E-05    1.106739E-05    1.106739E-05    1.106739E-05    1.106739E-05    1.106739E-05    1.106739E-05
   1.106739E-05    1.106739E-05    1.106739E-05    1.106739E-05    1.106739E-05    1.106739E-05    1.106739E-05    1.106739E-05    1.106739E-05    1.106739E-05    1.106739E-05    1.106739E-05    1.106739E-05    1.106739E-05    1.106739E-05    1.106739E-05    1.106739E-05    1.106739E-05    1.106739E-05    1.106739E-05
   1.106739E-05    1.106739E-05    1.106739E-05    1.106739E-05    1.106739E-05    1.106739E-05    1.106739E-05    1.106739E-05    1.106739E-05    1.106739E-05    1.106739E-05    1.106739E-05    1.106739E-05    1.106739E-05    1.106739E-05    1.106739E-05    1.106739E-05    1.106739E-05    1.106739E-05    1.106739E-05
   1.106739E-05    1.106739E-05    1.106739E-05    1.106739E-05    1.106739E-05    1.106739E-05    1.106739E-05    1.106739E-05    1.106739E-05    1.106739E-05    1.106739E-05    1.106739E-05    1.106739E-05    1.106739E-05    1.106739E-05    1.106739E-05    1.106739E-05    1.106739E-05    1.106739E-05    1.106739E-05
   1.106739E-05    1.106739E-05    1.106739E-05    1.106739E-05    1.106739E-05    1.106739E-05    1.106739E-05    1.106739E-05    1.106739E-05    1.106739E-05    1.106739E-05    1.106739E-05    1.106739E-05    1.106739E-05    1.106739E-05    1.106739E-05    1.106739E-05    1.106739E-05    1.106739E-05    1.106739E-05
   1.106739E-05    1.106739E-05    1.106739E-05    1.106739E-05    1.106739E-05    1.106739E-05    1.106739E-05    1.106739E-05    1.106739E-05    1.106739E-05    1.106739E-05    1.106739E-05    1.106739E-05    1.106739E-05    1.106739E-05    1.106739E-05    1.106739E-05    1.106739E-05    1.106739E-05    1.106739E-05
   1.106739E-05    1.106739E-05    1.106739E-05    1.106739E-05    1.106739E-05    1.106739E-05    1.106739E-05    1.106739E-05    1.106739E-05    1.106739E-05    1.106739E-05    1.106739E-05    1.106739E-05    1.106739E-05    1.106739E-05    1.106739E-05    1.106739E-05    1.106739E-05    1.106739E-05    1.106739E-05
   1.106739E-05    1.106739E-05    1.106739E-05    1.106739E-05    1.106739E-05    1.106739E-05    1.106739E-05    1.106739E-05    1.106739E-05    1.106739E-05    1.106739E-05    1.106739E-05    1.106739E-05    1.106739E-05    1.106739E-05    1.106739E-05    1.106739E-05    1.106739E-05    1.106739E-05    1.106739E-05
   1.106739E-05    1.106739E-05    1.106739E-05    1.106739E-05    1.106739E-05    1.106739E-05    1.106739E-05    1.106739E-05    1.106739E-05    1.106739E-05    1.106739E-05    1.106739E-05    1.106739E-05    1.106739E-05    1.106739E-05    1.106739E-05    1.106739E-05    1.106739E-05    1.106739E-05    1.106739E-05
   1.106739E-05    1.106739E-05    1.106739E-05    1.106739E-05    1.106739E-05    1.106739E-05    1.106739E-05    1.106739E-05    1.106739E-05    1.106739E-05    1.106739E-05    1.106739E-05    1.106739E-05    1.106739E-05    1.106739E-05    1.106739E-05    1.106739E-05    1.106739E-05    1.106739E-05    1.106739E-05
   1.106739E-05    1.106739E-05    1.106739E-05    1.106739E-05    1.106739E-05    1.106739E-05    1.106739E-05    1.106739E-05    1.106739E-05    1.106739E-05    1.106739E-05    1.106739E-05    1.106739E-05    1.106739E-05    1.106739E-05    1.106739E-05    1.106739E-05    1.106739E-05    1.106739E-05    1.106739E-05
   1.106739E-05    1.106739E-05    1.106739E-05    1.106739E-05    1.106739E-05    1.106739E-05    1.106739E-05    1.106739E-05    1.106739E-05    1.106739E-05    1.106739E-05    1.106739E-05    1.106739E-05    1.106739E-05    1.106739E-05    1.106739E-05    1.106739E-05    1.106739E-05    1.106739E-05    1.106739E-05
   1.106739E-05    1.106739E-05    1.106739E-05    1.106739E-05    1.106739E-05    1.106739E-05    1.106739E-05    1.106739E-05    1.106739E-05    1.106739E-05    1.106739E-05    1.106739E-05    1.106739E-05    1.106739E-05    1.106739E-05    1.106739E-05    1.106739E-05    1.106739E-05    1.106739E-05    1.106739E-05
   1.106739E-05    1.106739E-05    1.106739E-05    1.106739E-05    1.106739E-05    1.106739E-05    1.106739E-05    1.106739E-05    1.106739E-05    1.106739E-05    1.106739E-05    1.106739E-05    1.106739E-05    1.106739E-05    1.106739E-05    1.106739E-05    1.106739E-05    1.106739E-05    1.106739E-05    1.106739E-05
   1.106739E-05    1.106739E-05    1.106739E-05    1.106739E-05    1.106739E-05    1.106739E-05    1.106739E-05    1.106739E-05    1.106739E-05    1.106739E-05    1.106739E-05    1.106739E-05    1.106739E-05    1.106739E-05    1.106739E-05    1.106739E-05    1.106739E-05    1.106739E-05    1.106739E-05    1.106739E-05
