   7.072940E-05    7.072940E-05    7.072940E-05    7.072940E-05    7.072940E-05    7.072940E-05    7.072940E-05    7.072940E-05    7.072940E-05    7.072940E-05    7.072940E-05    7.072940E-05    7.072940E-05    7.072940E-05    7.072940E-05    7.072940E-05    7.072940E-05    7.072940E-05    7.072940E-05    7.072940E-05
   7.072940E-05    7.072940E-05    7.072940E-05    7.072940E-05    7.072940E-05    7.072940E-05    7.072940E-05    7.072940E-05    7.072940E-05    7.072940E-05    7.072940E-05    7.072940E-05    7.072940E-05    7.072940E-05    7.072940E-05    7.072940E-05    7.072940E-05    7.072940E-05    7.072940E-05    7.072940E-05
   7.072940E-05    7.072940E-05    7.072940E-05    7.072940E-05    7.072940E-05    7.072940E-05    7.072940E-05    7.072940E-05    7.072940E-05    7.072940E-05    7.072940E-05    7.072940E-05    7.072940E-05    7.072940E-05    7.072940E-05    7.072940E-05    7.072940E-05    7.072940E-05    7.072940E-05    7.072940E-05
   7.072940E-05    7.072940E-05    7.072940E-05    7.072940E-05    7.072940E-05    7.072940E-05    7.072940E-05    7.072940E-05    7.072940E-05    7.072940E-05    7.072940E-05    7.072940E-05    7.072940E-05    7.072940E-05    7.072940E-05    7.072940E-05    7.072940E-05    7.072940E-05    7.072940E-05    7.072940E-05
   7.072940E-05    7.072940E-05    7.072940E-05    7.072940E-05    7.072940E-05    7.072940E-05    7.072940E-05    7.072940E-05    7.072940E-05    7.072940E-05    7.072940E-05    7.072940E-05    7.072940E-05    7.072940E-05    7.072940E-05    7.072940E-05    7.072940E-05    7.072940E-05    7.072940E-05    7.072940E-05
   7.072940E-05    7.072940E-05    7.072940E-05    7.072940E-05    7.072940E-05    7.072940E-05    7.072940E-05    7.072940E-05    7.072940E-05    7.072940E-05    7.072940E-05    7.072940E-05    7.072940E-05    7.072940E-05    7.072940E-05    7.072940E-05    7.072940E-05    7.072940E-05    7.072940E-05    7.072940E-05
   7.072940E-05    7.072940E-05    7.072940E-05    7.072940E-05    7.072940E-05    7.072940E-05    7.072940E-05    7.072940E-05    7.072940E-05    7.072940E-05    7.072940E-05    7.072940E-05    7.072940E-05    7.072940E-05    7.072940E-05    7.072940E-05    7.072940E-05    7.072940E-05    7.072940E-05    7.072940E-05
   7.072940E-05    7.072940E-05    7.072940E-05    7.072940E-05    7.072940E-05    7.072940E-05    7.072940E-05    7.072940E-05    7.072940E-05    7.072940E-05    7.072940E-05    7.072940E-05    7.072940E-05    7.072940E-05    7.072940E-05    7.072940E-05    7.072940E-05    7.072940E-05    7.072940E-05    7.072940E-05
   7.072940E-05    7.072940E-05    7.072940E-05    7.072940E-05    7.072940E-05    7.072940E-05    7.072940E-05    7.072940E-05    7.072940E-05    7.072940E-05    7.072940E-05    7.072940E-05    7.072940E-05    7.072940E-05    7.072940E-05    7.072940E-05    7.072940E-05    7.072940E-05    7.072940E-05    7.072940E-05
   7.072940E-05    7.072940E-05    7.072940E-05    7.072940E-05    7.072940E-05    7.072940E-05    7.072940E-05    7.072940E-05    7.072940E-05    7.072940E-05    7.072940E-05    7.072940E-05    7.072940E-05    7.072940E-05    7.072940E-05    7.072940E-05    7.072940E-05    7.072940E-05    7.072940E-05    7.072940E-05
   7.072940E-05    7.072940E-05    7.072940E-05    7.072940E-05    7.072940E-05    7.072940E-05    7.072940E-05    7.072940E-05    7.072940E-05    7.072940E-05    7.072940E-05    7.072940E-05    7.072940E-05    7.072940E-05    7.072940E-05    7.072940E-05    7.072940E-05    7.072940E-05    7.072940E-05    7.072940E-05
   7.072940E-05    7.072940E-05    7.072940E-05    7.072940E-05    7.072940E-05    7.072940E-05    7.072940E-05    7.072940E-05    7.072940E-05    7.072940E-05    7.072940E-05    7.072940E-05    7.072940E-05    7.072940E-05    7.072940E-05    7.072940E-05    7.072940E-05    7.072940E-05    7.072940E-05    7.072940E-05
   7.072940E-05    7.072940E-05    7.072940E-05    7.072940E-05    7.072940E-05    7.072940E-05    7.072940E-05    7.072940E-05    7.072940E-05    7.072940E-05    7.072940E-05    7.072940E-05    7.072940E-05    7.072940E-05    7.072940E-05    7.072940E-05    7.072940E-05    7.072940E-05    7.072940E-05    7.072940E-05
   7.072940E-05    7.072940E-05    7.072940E-05    7.072940E-05    7.072940E-05    7.072940E-05    7.072940E-05    7.072940E-05    7.072940E-05    7.072940E-05    7.072940E-05    7.072940E-05    7.072940E-05    7.072940E-05    7.072940E-05    7.072940E-05    7.072940E-05    7.072940E-05    7.072940E-05    7.072940E-05
   7.072940E-05    7.072940E-05    7.072940E-05    7.072940E-05    7.072940E-05    7.072940E-05    7.072940E-05    7.072940E-05    7.072940E-05    7.072940E-05    7.072940E-05    7.072940E-05    7.072940E-05    7.072940E-05    7.072940E-05    7.072940E-05    7.072940E-05    7.072940E-05    7.072940E-05    7.072940E-05
   7.072940E-05    7.072940E-05    7.072940E-05    7.072940E-05    7.072940E-05    7.072940E-05    7.072940E-05    7.072940E-05    7.072940E-05    7.072940E-05    7.072940E-05    7.072940E-05    7.072940E-05    7.072940E-05    7.072940E-05    7.072940E-05    7.072940E-05    7.072940E-05    7.072940E-05    7.072940E-05
   7.072940E-05    7.072940E-05    7.072940E-05    7.072940E-05    7.072940E-05    7.072940E-05    7.072940E-05    7.072940E-05    7.072940E-05    7.072940E-05    7.072940E-05    7.072940E-05    7.072940E-05    7.072940E-05    7.072940E-05    7.072940E-05    7.072940E-05    7.072940E-05    7.072940E-05    7.072940E-05
   7.072940E-05    7.072940E-05    7.072940E-05    7.072940E-05    7.072940E-05    7.072940E-05    7.072940E-05    7.072940E-05    7.072940E-05    7.072940E-05    7.072940E-05    7.072940E-05    7.072940E-05    7.072940E-05    7.072940E-05    7.072940E-05    7.072940E-05    7.072940E-05    7.072940E-05    7.072940E-05
   7.072940E-05    7.072940E-05    7.072940E-05    7.072940E-05    7.072940E-05    7.072940E-05    7.072940E-05    7.072940E-05    7.072940E-05    7.072940E-05    7.072940E-05    7.072940E-05    7.072940E-05    7.072940E-05    7.072940E-05    7.072940E-05    7.072940E-05    7.072940E-05    7.072940E-05    7.072940E-05
   7.072940E-05    7.072940E-05    7.072940E-05    7.072940E-05    7.072940E-05    7.072940E-05    7.072940E-05    7.072940E-05    7.072940E-05    7.072940E-05    7.072940E-05    7.072940E-05    7.072940E-05    7.072940E-05    7.072940E-05    7.072940E-05    7.072940E-05    7.072940E-05    7.072940E-05    7.072940E-05
   7.072940E-05    7.072940E-05    7.072940E-05    7.072940E-05    7.072940E-05    7.072940E-05    7.072940E-05    7.072940E-05    7.072940E-05    7.072940E-05    7.072940E-05    7.072940E-05    7.072940E-05    7.072940E-05    7.072940E-05    7.072940E-05    7.072940E-05    7.072940E-05    7.072940E-05    7.072940E-05
   7.072940E-05    7.072940E-05    7.072940E-05    7.072940E-05    7.072940E-05    7.072940E-05    7.072940E-05    7.072940E-05    7.072940E-05    7.072940E-05    7.072940E-05    7.072940E-05    7.072940E-05    7.072940E-05    7.072940E-05    7.072940E-05    7.072940E-05    7.072940E-05    7.072940E-05    7.072940E-05
   7.072940E-05    7.072940E-05    7.072940E-05    7.072940E-05    7.072940E-05    7.072940E-05    7.072940E-05    7.072940E-05    7.072940E-05    7.072940E-05    7.072940E-05    7.072940E-05    7.072940E-05    7.072940E-05    7.072940E-05    7.072940E-05    7.072940E-05    7.072940E-05    7.072940E-05    7.072940E-05
   7.072940E-05    7.072940E-05    7.072940E-05    7.072940E-05    7.072940E-05    7.072940E-05    7.072940E-05    7.072940E-05    7.072940E-05    7.072940E-05    7.072940E-05    7.072940E-05    7.072940E-05    7.072940E-05    7.072940E-05    7.072940E-05    7.072940E-05    7.072940E-05    7.072940E-05    7.072940E-05
   7.072940E-05    7.072940E-05    7.072940E-05    7.072940E-05    7.072940E-05    7.072940E-05    7.072940E-05    7.072940E-05    7.072940E-05    7.072940E-05    7.072940E-05    7.072940E-05    7.072940E-05    7.072940E-05    7.072940E-05    7.072940E-05    7.072940E-05    7.072940E-05    7.072940E-05    7.072940E-05
   7.072940E-05    7.072940E-05    7.072940E-05    7.072940E-05    7.072940E-05    7.072940E-05    7.072940E-05    7.072940E-05    7.072940E-05    7.072940E-05    7.072940E-05    7.072940E-05    7.072940E-05    7.072940E-05    7.072940E-05    7.072940E-05    7.072940E-05    7.072940E-05    7.072940E-05    7.072940E-05
   7.072940E-05    7.072940E-05    7.072940E-05    7.072940E-05    7.072940E-05    7.072940E-05    7.072940E-05    7.072940E-05    7.072940E-05    7.072940E-05    7.072940E-05    7.072940E-05    7.072940E-05    7.072940E-05    7.072940E-05    7.072940E-05    7.072940E-05    7.072940E-05    7.072940E-05    7.072940E-05
   7.072940E-05    7.072940E-05    7.072940E-05    7.072940E-05    7.072940E-05    7.072940E-05    7.072940E-05    7.072940E-05    7.072940E-05    7.072940E-05    7.072940E-05    7.072940E-05    7.072940E-05    7.072940E-05    7.072940E-05    7.072940E-05    7.072940E-05    7.072940E-05    7.072940E-05    7.072940E-05
   7.072940E-05    7.072940E-05    7.072940E-05    7.072940E-05    7.072940E-05    7.072940E-05    7.072940E-05    7.072940E-05    7.072940E-05    7.072940E-05    7.072940E-05    7.072940E-05    7.072940E-05    7.072940E-05    7.072940E-05    7.072940E-05    7.072940E-05    7.072940E-05    7.072940E-05    7.072940E-05
   7.072940E-05    7.072940E-05    7.072940E-05    7.072940E-05    7.072940E-05    7.072940E-05    7.072940E-05    7.072940E-05    7.072940E-05    7.072940E-05    7.072940E-05    7.072940E-05    7.072940E-05    7.072940E-05    7.072940E-05    7.072940E-05    7.072940E-05    7.072940E-05    7.072940E-05    7.072940E-05
   7.072940E-05    7.072940E-05    7.072940E-05    7.072940E-05    7.072940E-05    7.072940E-05    7.072940E-05    7.072940E-05    7.072940E-05    7.072940E-05    7.072940E-05    7.072940E-05    7.072940E-05    7.072940E-05    7.072940E-05    7.072940E-05    7.072940E-05    7.072940E-05    7.072940E-05    7.072940E-05
   7.072940E-05    7.072940E-05    7.072940E-05    7.072940E-05    7.072940E-05    7.072940E-05    7.072940E-05    7.072940E-05    7.072940E-05    7.072940E-05    7.072940E-05    7.072940E-05    7.072940E-05    7.072940E-05    7.072940E-05    7.072940E-05    7.072940E-05    7.072940E-05    7.072940E-05    7.072940E-05
   7.072940E-05    7.072940E-05    7.072940E-05    7.072940E-05    7.072940E-05    7.072940E-05    7.072940E-05    7.072940E-05    7.072940E-05    7.072940E-05    7.072940E-05    7.072940E-05    7.072940E-05    7.072940E-05    7.072940E-05    7.072940E-05    7.072940E-05    7.072940E-05    7.072940E-05    7.072940E-05
   7.072940E-05    7.072940E-05    7.072940E-05    7.072940E-05    7.072940E-05    7.072940E-05    7.072940E-05    7.072940E-05    7.072940E-05    7.072940E-05    7.072940E-05    7.072940E-05    7.072940E-05    7.072940E-05    7.072940E-05    7.072940E-05    7.072940E-05    7.072940E-05    7.072940E-05    7.072940E-05
   7.072940E-05    7.072940E-05    7.072940E-05    7.072940E-05    7.072940E-05    7.072940E-05    7.072940E-05    7.072940E-05    7.072940E-05    7.072940E-05    7.072940E-05    7.072940E-05    7.072940E-05    7.072940E-05    7.072940E-05    7.072940E-05    7.072940E-05    7.072940E-05    7.072940E-05    7.072940E-05
   7.072940E-05    7.072940E-05    7.072940E-05    7.072940E-05    7.072940E-05    7.072940E-05    7.072940E-05    7.072940E-05    7.072940E-05    7.072940E-05    7.072940E-05    7.072940E-05    7.072940E-05    7.072940E-05    7.072940E-05    7.072940E-05    7.072940E-05    7.072940E-05    7.072940E-05    7.072940E-05
   7.072940E-05    7.072940E-05    7.072940E-05    7.072940E-05    7.072940E-05    7.072940E-05    7.072940E-05    7.072940E-05    7.072940E-05    7.072940E-05    7.072940E-05    7.072940E-05    7.072940E-05    7.072940E-05    7.072940E-05    7.072940E-05    7.072940E-05    7.072940E-05    7.072940E-05    7.072940E-05
   7.072940E-05    7.072940E-05    7.072940E-05    7.072940E-05    7.072940E-05    7.072940E-05    7.072940E-05    7.072940E-05    7.072940E-05    7.072940E-05    7.072940E-05    7.072940E-05    7.072940E-05    7.072940E-05    7.072940E-05    7.072940E-05    7.072940E-05    7.072940E-05    7.072940E-05    7.072940E-05
   7.072940E-05    7.072940E-05    7.072940E-05    7.072940E-05    7.072940E-05    7.072940E-05    7.072940E-05    7.072940E-05    7.072940E-05    7.072940E-05    7.072940E-05    7.072940E-05    7.072940E-05    7.072940E-05    7.072940E-05    7.072940E-05    7.072940E-05    7.072940E-05    7.072940E-05    7.072940E-05
   7.072940E-05    7.072940E-05    7.072940E-05    7.072940E-05    7.072940E-05    7.072940E-05    7.072940E-05    7.072940E-05    7.072940E-05    7.072940E-05    7.072940E-05    7.072940E-05    7.072940E-05    7.072940E-05    7.072940E-05    7.072940E-05    7.072940E-05    7.072940E-05    7.072940E-05    7.072940E-05
