   3.813890E-05    3.813890E-05    3.813890E-05    3.813890E-05    3.813890E-05    3.813890E-05    3.813890E-05    3.813890E-05    3.813890E-05    3.813890E-05    3.813890E-05    3.813890E-05    3.813890E-05    3.813890E-05    3.813890E-05    3.813890E-05    3.813890E-05    3.813890E-05    3.813890E-05    3.813890E-05
   3.813890E-05    3.813890E-05    3.813890E-05    3.813890E-05    3.813890E-05    3.813890E-05    3.813890E-05    3.813890E-05    3.813890E-05    3.813890E-05    3.813890E-05    3.813890E-05    3.813890E-05    3.813890E-05    3.813890E-05    3.813890E-05    3.813890E-05    3.813890E-05    3.813890E-05    3.813890E-05
   3.813890E-05    3.813890E-05    3.813890E-05    3.813890E-05    3.813890E-05    3.813890E-05    3.813890E-05    3.813890E-05    3.813890E-05    3.813890E-05    3.813890E-05    3.813890E-05    3.813890E-05    3.813890E-05    3.813890E-05    3.813890E-05    3.813890E-05    3.813890E-05    3.813890E-05    3.813890E-05
   3.813890E-05    3.813890E-05    3.813890E-05    3.813890E-05    3.813890E-05    3.813890E-05    3.813890E-05    3.813890E-05    3.813890E-05    3.813890E-05    3.813890E-05    3.813890E-05    3.813890E-05    3.813890E-05    3.813890E-05    3.813890E-05    3.813890E-05    3.813890E-05    3.813890E-05    3.813890E-05
   3.813890E-05    3.813890E-05    3.813890E-05    3.813890E-05    3.813890E-05    3.813890E-05    3.813890E-05    3.813890E-05    3.813890E-05    3.813890E-05    3.813890E-05    3.813890E-05    3.813890E-05    3.813890E-05    3.813890E-05    3.813890E-05    3.813890E-05    3.813890E-05    3.813890E-05    3.813890E-05
   3.813890E-05    3.813890E-05    3.813890E-05    3.813890E-05    3.813890E-05    3.813890E-05    3.813890E-05    3.813890E-05    3.813890E-05    3.813890E-05    3.813890E-05    3.813890E-05    3.813890E-05    3.813890E-05    3.813890E-05    3.813890E-05    3.813890E-05    3.813890E-05    3.813890E-05    3.813890E-05
   3.813890E-05    3.813890E-05    3.813890E-05    3.813890E-05    3.813890E-05    3.813890E-05    3.813890E-05    3.813890E-05    3.813890E-05    3.813890E-05    3.813890E-05    3.813890E-05    3.813890E-05    3.813890E-05    3.813890E-05    3.813890E-05    3.813890E-05    3.813890E-05    3.813890E-05    3.813890E-05
   3.813890E-05    3.813890E-05    3.813890E-05    3.813890E-05    3.813890E-05    3.813890E-05    3.813890E-05    3.813890E-05    3.813890E-05    3.813890E-05    3.813890E-05    3.813890E-05    3.813890E-05    3.813890E-05    3.813890E-05    3.813890E-05    3.813890E-05    3.813890E-05    3.813890E-05    3.813890E-05
   3.813890E-05    3.813890E-05    3.813890E-05    3.813890E-05    3.813890E-05    3.813890E-05    3.813890E-05    3.813890E-05    3.813890E-05    3.813890E-05    3.813890E-05    3.813890E-05    3.813890E-05    3.813890E-05    3.813890E-05    3.813890E-05    3.813890E-05    3.813890E-05    3.813890E-05    3.813890E-05
   3.813890E-05    3.813890E-05    3.813890E-05    3.813890E-05    3.813890E-05    3.813890E-05    3.813890E-05    3.813890E-05    3.813890E-05    3.813890E-05    3.813890E-05    3.813890E-05    3.813890E-05    3.813890E-05    3.813890E-05    3.813890E-05    3.813890E-05    3.813890E-05    3.813890E-05    3.813890E-05
   3.813890E-05    3.813890E-05    3.813890E-05    3.813890E-05    3.813890E-05    3.813890E-05    3.813890E-05    3.813890E-05    3.813890E-05    3.813890E-05    3.813890E-05    3.813890E-05    3.813890E-05    3.813890E-05    3.813890E-05    3.813890E-05    3.813890E-05    3.813890E-05    3.813890E-05    3.813890E-05
   3.813890E-05    3.813890E-05    3.813890E-05    3.813890E-05    3.813890E-05    3.813890E-05    3.813890E-05    3.813890E-05    3.813890E-05    3.813890E-05    3.813890E-05    3.813890E-05    3.813890E-05    3.813890E-05    3.813890E-05    3.813890E-05    3.813890E-05    3.813890E-05    3.813890E-05    3.813890E-05
   3.813890E-05    3.813890E-05    3.813890E-05    3.813890E-05    3.813890E-05    3.813890E-05    3.813890E-05    3.813890E-05    3.813890E-05    3.813890E-05    3.813890E-05    3.813890E-05    3.813890E-05    3.813890E-05    3.813890E-05    3.813890E-05    3.813890E-05    3.813890E-05    3.813890E-05    3.813890E-05
   3.813890E-05    3.813890E-05    3.813890E-05    3.813890E-05    3.813890E-05    3.813890E-05    3.813890E-05    3.813890E-05    3.813890E-05    3.813890E-05    3.813890E-05    3.813890E-05    3.813890E-05    3.813890E-05    3.813890E-05    3.813890E-05    3.813890E-05    3.813890E-05    3.813890E-05    3.813890E-05
   3.813890E-05    3.813890E-05    3.813890E-05    3.813890E-05    3.813890E-05    3.813890E-05    3.813890E-05    3.813890E-05    3.813890E-05    3.813890E-05    3.813890E-05    3.813890E-05    3.813890E-05    3.813890E-05    3.813890E-05    3.813890E-05    3.813890E-05    3.813890E-05    3.813890E-05    3.813890E-05
   3.813890E-05    3.813890E-05    3.813890E-05    3.813890E-05    3.813890E-05    3.813890E-05    3.813890E-05    3.813890E-05    3.813890E-05    3.813890E-05    3.813890E-05    3.813890E-05    3.813890E-05    3.813890E-05    3.813890E-05    3.813890E-05    3.813890E-05    3.813890E-05    3.813890E-05    3.813890E-05
   3.813890E-05    3.813890E-05    3.813890E-05    3.813890E-05    3.813890E-05    3.813890E-05    3.813890E-05    3.813890E-05    3.813890E-05    3.813890E-05    3.813890E-05    3.813890E-05    3.813890E-05    3.813890E-05    3.813890E-05    3.813890E-05    3.813890E-05    3.813890E-05    3.813890E-05    3.813890E-05
   3.813890E-05    3.813890E-05    3.813890E-05    3.813890E-05    3.813890E-05    3.813890E-05    3.813890E-05    3.813890E-05    3.813890E-05    3.813890E-05    3.813890E-05    3.813890E-05    3.813890E-05    3.813890E-05    3.813890E-05    3.813890E-05    3.813890E-05    3.813890E-05    3.813890E-05    3.813890E-05
   3.813890E-05    3.813890E-05    3.813890E-05    3.813890E-05    3.813890E-05    3.813890E-05    3.813890E-05    3.813890E-05    3.813890E-05    3.813890E-05    3.813890E-05    3.813890E-05    3.813890E-05    3.813890E-05    3.813890E-05    3.813890E-05    3.813890E-05    3.813890E-05    3.813890E-05    3.813890E-05
   3.813890E-05    3.813890E-05    3.813890E-05    3.813890E-05    3.813890E-05    3.813890E-05    3.813890E-05    3.813890E-05    3.813890E-05    3.813890E-05    3.813890E-05    3.813890E-05    3.813890E-05    3.813890E-05    3.813890E-05    3.813890E-05    3.813890E-05    3.813890E-05    3.813890E-05    3.813890E-05
   3.813890E-05    3.813890E-05    3.813890E-05    3.813890E-05    3.813890E-05    3.813890E-05    3.813890E-05    3.813890E-05    3.813890E-05    3.813890E-05    3.813890E-05    3.813890E-05    3.813890E-05    3.813890E-05    3.813890E-05    3.813890E-05    3.813890E-05    3.813890E-05    3.813890E-05    3.813890E-05
   3.813890E-05    3.813890E-05    3.813890E-05    3.813890E-05    3.813890E-05    3.813890E-05    3.813890E-05    3.813890E-05    3.813890E-05    3.813890E-05    3.813890E-05    3.813890E-05    3.813890E-05    3.813890E-05    3.813890E-05    3.813890E-05    3.813890E-05    3.813890E-05    3.813890E-05    3.813890E-05
   3.813890E-05    3.813890E-05    3.813890E-05    3.813890E-05    3.813890E-05    3.813890E-05    3.813890E-05    3.813890E-05    3.813890E-05    3.813890E-05    3.813890E-05    3.813890E-05    3.813890E-05    3.813890E-05    3.813890E-05    3.813890E-05    3.813890E-05    3.813890E-05    3.813890E-05    3.813890E-05
   3.813890E-05    3.813890E-05    3.813890E-05    3.813890E-05    3.813890E-05    3.813890E-05    3.813890E-05    3.813890E-05    3.813890E-05    3.813890E-05    3.813890E-05    3.813890E-05    3.813890E-05    3.813890E-05    3.813890E-05    3.813890E-05    3.813890E-05    3.813890E-05    3.813890E-05    3.813890E-05
   3.813890E-05    3.813890E-05    3.813890E-05    3.813890E-05    3.813890E-05    3.813890E-05    3.813890E-05    3.813890E-05    3.813890E-05    3.813890E-05    3.813890E-05    3.813890E-05    3.813890E-05    3.813890E-05    3.813890E-05    3.813890E-05    3.813890E-05    3.813890E-05    3.813890E-05    3.813890E-05
   3.813890E-05    3.813890E-05    3.813890E-05    3.813890E-05    3.813890E-05    3.813890E-05    3.813890E-05    3.813890E-05    3.813890E-05    3.813890E-05    3.813890E-05    3.813890E-05    3.813890E-05    3.813890E-05    3.813890E-05    3.813890E-05    3.813890E-05    3.813890E-05    3.813890E-05    3.813890E-05
   3.813890E-05    3.813890E-05    3.813890E-05    3.813890E-05    3.813890E-05    3.813890E-05    3.813890E-05    3.813890E-05    3.813890E-05    3.813890E-05    3.813890E-05    3.813890E-05    3.813890E-05    3.813890E-05    3.813890E-05    3.813890E-05    3.813890E-05    3.813890E-05    3.813890E-05    3.813890E-05
   3.813890E-05    3.813890E-05    3.813890E-05    3.813890E-05    3.813890E-05    3.813890E-05    3.813890E-05    3.813890E-05    3.813890E-05    3.813890E-05    3.813890E-05    3.813890E-05    3.813890E-05    3.813890E-05    3.813890E-05    3.813890E-05    3.813890E-05    3.813890E-05    3.813890E-05    3.813890E-05
   3.813890E-05    3.813890E-05    3.813890E-05    3.813890E-05    3.813890E-05    3.813890E-05    3.813890E-05    3.813890E-05    3.813890E-05    3.813890E-05    3.813890E-05    3.813890E-05    3.813890E-05    3.813890E-05    3.813890E-05    3.813890E-05    3.813890E-05    3.813890E-05    3.813890E-05    3.813890E-05
   3.813890E-05    3.813890E-05    3.813890E-05    3.813890E-05    3.813890E-05    3.813890E-05    3.813890E-05    3.813890E-05    3.813890E-05    3.813890E-05    3.813890E-05    3.813890E-05    3.813890E-05    3.813890E-05    3.813890E-05    3.813890E-05    3.813890E-05    3.813890E-05    3.813890E-05    3.813890E-05
   3.813890E-05    3.813890E-05    3.813890E-05    3.813890E-05    3.813890E-05    3.813890E-05    3.813890E-05    3.813890E-05    3.813890E-05    3.813890E-05    3.813890E-05    3.813890E-05    3.813890E-05    3.813890E-05    3.813890E-05    3.813890E-05    3.813890E-05    3.813890E-05    3.813890E-05    3.813890E-05
   3.813890E-05    3.813890E-05    3.813890E-05    3.813890E-05    3.813890E-05    3.813890E-05    3.813890E-05    3.813890E-05    3.813890E-05    3.813890E-05    3.813890E-05    3.813890E-05    3.813890E-05    3.813890E-05    3.813890E-05    3.813890E-05    3.813890E-05    3.813890E-05    3.813890E-05    3.813890E-05
   3.813890E-05    3.813890E-05    3.813890E-05    3.813890E-05    3.813890E-05    3.813890E-05    3.813890E-05    3.813890E-05    3.813890E-05    3.813890E-05    3.813890E-05    3.813890E-05    3.813890E-05    3.813890E-05    3.813890E-05    3.813890E-05    3.813890E-05    3.813890E-05    3.813890E-05    3.813890E-05
   3.813890E-05    3.813890E-05    3.813890E-05    3.813890E-05    3.813890E-05    3.813890E-05    3.813890E-05    3.813890E-05    3.813890E-05    3.813890E-05    3.813890E-05    3.813890E-05    3.813890E-05    3.813890E-05    3.813890E-05    3.813890E-05    3.813890E-05    3.813890E-05    3.813890E-05    3.813890E-05
   3.813890E-05    3.813890E-05    3.813890E-05    3.813890E-05    3.813890E-05    3.813890E-05    3.813890E-05    3.813890E-05    3.813890E-05    3.813890E-05    3.813890E-05    3.813890E-05    3.813890E-05    3.813890E-05    3.813890E-05    3.813890E-05    3.813890E-05    3.813890E-05    3.813890E-05    3.813890E-05
   3.813890E-05    3.813890E-05    3.813890E-05    3.813890E-05    3.813890E-05    3.813890E-05    3.813890E-05    3.813890E-05    3.813890E-05    3.813890E-05    3.813890E-05    3.813890E-05    3.813890E-05    3.813890E-05    3.813890E-05    3.813890E-05    3.813890E-05    3.813890E-05    3.813890E-05    3.813890E-05
   3.813890E-05    3.813890E-05    3.813890E-05    3.813890E-05    3.813890E-05    3.813890E-05    3.813890E-05    3.813890E-05    3.813890E-05    3.813890E-05    3.813890E-05    3.813890E-05    3.813890E-05    3.813890E-05    3.813890E-05    3.813890E-05    3.813890E-05    3.813890E-05    3.813890E-05    3.813890E-05
   3.813890E-05    3.813890E-05    3.813890E-05    3.813890E-05    3.813890E-05    3.813890E-05    3.813890E-05    3.813890E-05    3.813890E-05    3.813890E-05    3.813890E-05    3.813890E-05    3.813890E-05    3.813890E-05    3.813890E-05    3.813890E-05    3.813890E-05    3.813890E-05    3.813890E-05    3.813890E-05
   3.813890E-05    3.813890E-05    3.813890E-05    3.813890E-05    3.813890E-05    3.813890E-05    3.813890E-05    3.813890E-05    3.813890E-05    3.813890E-05    3.813890E-05    3.813890E-05    3.813890E-05    3.813890E-05    3.813890E-05    3.813890E-05    3.813890E-05    3.813890E-05    3.813890E-05    3.813890E-05
   3.813890E-05    3.813890E-05    3.813890E-05    3.813890E-05    3.813890E-05    3.813890E-05    3.813890E-05    3.813890E-05    3.813890E-05    3.813890E-05    3.813890E-05    3.813890E-05    3.813890E-05    3.813890E-05    3.813890E-05    3.813890E-05    3.813890E-05    3.813890E-05    3.813890E-05    3.813890E-05
