   1.187976E-04    1.187976E-04    1.187976E-04    1.187976E-04    1.187976E-04    1.187976E-04    1.187976E-04    1.187976E-04    1.187976E-04    1.187976E-04    1.187976E-04    1.187976E-04    1.187976E-04    1.187976E-04    1.187976E-04    1.187976E-04    1.187976E-04    1.187976E-04    1.187976E-04    1.187976E-04
   1.187976E-04    1.187976E-04    1.187976E-04    1.187976E-04    1.187976E-04    1.187976E-04    1.187976E-04    1.187976E-04    1.187976E-04    1.187976E-04    1.187976E-04    1.187976E-04    1.187976E-04    1.187976E-04    1.187976E-04    1.187976E-04    1.187976E-04    1.187976E-04    1.187976E-04    1.187976E-04
   1.187976E-04    1.187976E-04    1.187976E-04    1.187976E-04    1.187976E-04    1.187976E-04    1.187976E-04    1.187976E-04    1.187976E-04    1.187976E-04    1.187976E-04    1.187976E-04    1.187976E-04    1.187976E-04    1.187976E-04    1.187976E-04    1.187976E-04    1.187976E-04    1.187976E-04    1.187976E-04
   1.187976E-04    1.187976E-04    1.187976E-04    1.187976E-04    1.187976E-04    1.187976E-04    1.187976E-04    1.187976E-04    1.187976E-04    1.187976E-04    1.187976E-04    1.187976E-04    1.187976E-04    1.187976E-04    1.187976E-04    1.187976E-04    1.187976E-04    1.187976E-04    1.187976E-04    1.187976E-04
   1.187976E-04    1.187976E-04    1.187976E-04    1.187976E-04    1.187976E-04    1.187976E-04    1.187976E-04    1.187976E-04    1.187976E-04    1.187976E-04    1.187976E-04    1.187976E-04    1.187976E-04    1.187976E-04    1.187976E-04    1.187976E-04    1.187976E-04    1.187976E-04    1.187976E-04    1.187976E-04
   1.187976E-04    1.187976E-04    1.187976E-04    1.187976E-04    1.187976E-04    1.187976E-04    1.187976E-04    1.187976E-04    1.187976E-04    1.187976E-04    1.187976E-04    1.187976E-04    1.187976E-04    1.187976E-04    1.187976E-04    1.187976E-04    1.187976E-04    1.187976E-04    1.187976E-04    1.187976E-04
   1.187976E-04    1.187976E-04    1.187976E-04    1.187976E-04    1.187976E-04    1.187976E-04    1.187976E-04    1.187976E-04    1.187976E-04    1.187976E-04    1.187976E-04    1.187976E-04    1.187976E-04    1.187976E-04    1.187976E-04    1.187976E-04    1.187976E-04    1.187976E-04    1.187976E-04    1.187976E-04
   1.187976E-04    1.187976E-04    1.187976E-04    1.187976E-04    1.187976E-04    1.187976E-04    1.187976E-04    1.187976E-04    1.187976E-04    1.187976E-04    1.187976E-04    1.187976E-04    1.187976E-04    1.187976E-04    1.187976E-04    1.187976E-04    1.187976E-04    1.187976E-04    1.187976E-04    1.187976E-04
   1.187976E-04    1.187976E-04    1.187976E-04    1.187976E-04    1.187976E-04    1.187976E-04    1.187976E-04    1.187976E-04    1.187976E-04    1.187976E-04    1.187976E-04    1.187976E-04    1.187976E-04    1.187976E-04    1.187976E-04    1.187976E-04    1.187976E-04    1.187976E-04    1.187976E-04    1.187976E-04
   1.187976E-04    1.187976E-04    1.187976E-04    1.187976E-04    1.187976E-04    1.187976E-04    1.187976E-04    1.187976E-04    1.187976E-04    1.187976E-04    1.187976E-04    1.187976E-04    1.187976E-04    1.187976E-04    1.187976E-04    1.187976E-04    1.187976E-04    1.187976E-04    1.187976E-04    1.187976E-04
   1.187976E-04    1.187976E-04    1.187976E-04    1.187976E-04    1.187976E-04    1.187976E-04    1.187976E-04    1.187976E-04    1.187976E-04    1.187976E-04    1.187976E-04    1.187976E-04    1.187976E-04    1.187976E-04    1.187976E-04    1.187976E-04    1.187976E-04    1.187976E-04    1.187976E-04    1.187976E-04
   1.187976E-04    1.187976E-04    1.187976E-04    1.187976E-04    1.187976E-04    1.187976E-04    1.187976E-04    1.187976E-04    1.187976E-04    1.187976E-04    1.187976E-04    1.187976E-04    1.187976E-04    1.187976E-04    1.187976E-04    1.187976E-04    1.187976E-04    1.187976E-04    1.187976E-04    1.187976E-04
   1.187976E-04    1.187976E-04    1.187976E-04    1.187976E-04    1.187976E-04    1.187976E-04    1.187976E-04    1.187976E-04    1.187976E-04    1.187976E-04    1.187976E-04    1.187976E-04    1.187976E-04    1.187976E-04    1.187976E-04    1.187976E-04    1.187976E-04    1.187976E-04    1.187976E-04    1.187976E-04
   1.187976E-04    1.187976E-04    1.187976E-04    1.187976E-04    1.187976E-04    1.187976E-04    1.187976E-04    1.187976E-04    1.187976E-04    1.187976E-04    1.187976E-04    1.187976E-04    1.187976E-04    1.187976E-04    1.187976E-04    1.187976E-04    1.187976E-04    1.187976E-04    1.187976E-04    1.187976E-04
   1.187976E-04    1.187976E-04    1.187976E-04    1.187976E-04    1.187976E-04    1.187976E-04    1.187976E-04    1.187976E-04    1.187976E-04    1.187976E-04    1.187976E-04    1.187976E-04    1.187976E-04    1.187976E-04    1.187976E-04    1.187976E-04    1.187976E-04    1.187976E-04    1.187976E-04    1.187976E-04
   1.187976E-04    1.187976E-04    1.187976E-04    1.187976E-04    1.187976E-04    1.187976E-04    1.187976E-04    1.187976E-04    1.187976E-04    1.187976E-04    1.187976E-04    1.187976E-04    1.187976E-04    1.187976E-04    1.187976E-04    1.187976E-04    1.187976E-04    1.187976E-04    1.187976E-04    1.187976E-04
   1.187976E-04    1.187976E-04    1.187976E-04    1.187976E-04    1.187976E-04    1.187976E-04    1.187976E-04    1.187976E-04    1.187976E-04    1.187976E-04    1.187976E-04    1.187976E-04    1.187976E-04    1.187976E-04    1.187976E-04    1.187976E-04    1.187976E-04    1.187976E-04    1.187976E-04    1.187976E-04
   1.187976E-04    1.187976E-04    1.187976E-04    1.187976E-04    1.187976E-04    1.187976E-04    1.187976E-04    1.187976E-04    1.187976E-04    1.187976E-04    1.187976E-04    1.187976E-04    1.187976E-04    1.187976E-04    1.187976E-04    1.187976E-04    1.187976E-04    1.187976E-04    1.187976E-04    1.187976E-04
   1.187976E-04    1.187976E-04    1.187976E-04    1.187976E-04    1.187976E-04    1.187976E-04    1.187976E-04    1.187976E-04    1.187976E-04    1.187976E-04    1.187976E-04    1.187976E-04    1.187976E-04    1.187976E-04    1.187976E-04    1.187976E-04    1.187976E-04    1.187976E-04    1.187976E-04    1.187976E-04
   1.187976E-04    1.187976E-04    1.187976E-04    1.187976E-04    1.187976E-04    1.187976E-04    1.187976E-04    1.187976E-04    1.187976E-04    1.187976E-04    1.187976E-04    1.187976E-04    1.187976E-04    1.187976E-04    1.187976E-04    1.187976E-04    1.187976E-04    1.187976E-04    1.187976E-04    1.187976E-04
   1.187976E-04    1.187976E-04    1.187976E-04    1.187976E-04    1.187976E-04    1.187976E-04    1.187976E-04    1.187976E-04    1.187976E-04    1.187976E-04    1.187976E-04    1.187976E-04    1.187976E-04    1.187976E-04    1.187976E-04    1.187976E-04    1.187976E-04    1.187976E-04    1.187976E-04    1.187976E-04
   1.187976E-04    1.187976E-04    1.187976E-04    1.187976E-04    1.187976E-04    1.187976E-04    1.187976E-04    1.187976E-04    1.187976E-04    1.187976E-04    1.187976E-04    1.187976E-04    1.187976E-04    1.187976E-04    1.187976E-04    1.187976E-04    1.187976E-04    1.187976E-04    1.187976E-04    1.187976E-04
   1.187976E-04    1.187976E-04    1.187976E-04    1.187976E-04    1.187976E-04    1.187976E-04    1.187976E-04    1.187976E-04    1.187976E-04    1.187976E-04    1.187976E-04    1.187976E-04    1.187976E-04    1.187976E-04    1.187976E-04    1.187976E-04    1.187976E-04    1.187976E-04    1.187976E-04    1.187976E-04
   1.187976E-04    1.187976E-04    1.187976E-04    1.187976E-04    1.187976E-04    1.187976E-04    1.187976E-04    1.187976E-04    1.187976E-04    1.187976E-04    1.187976E-04    1.187976E-04    1.187976E-04    1.187976E-04    1.187976E-04    1.187976E-04    1.187976E-04    1.187976E-04    1.187976E-04    1.187976E-04
   1.187976E-04    1.187976E-04    1.187976E-04    1.187976E-04    1.187976E-04    1.187976E-04    1.187976E-04    1.187976E-04    1.187976E-04    1.187976E-04    1.187976E-04    1.187976E-04    1.187976E-04    1.187976E-04    1.187976E-04    1.187976E-04    1.187976E-04    1.187976E-04    1.187976E-04    1.187976E-04
   1.187976E-04    1.187976E-04    1.187976E-04    1.187976E-04    1.187976E-04    1.187976E-04    1.187976E-04    1.187976E-04    1.187976E-04    1.187976E-04    1.187976E-04    1.187976E-04    1.187976E-04    1.187976E-04    1.187976E-04    1.187976E-04    1.187976E-04    1.187976E-04    1.187976E-04    1.187976E-04
   1.187976E-04    1.187976E-04    1.187976E-04    1.187976E-04    1.187976E-04    1.187976E-04    1.187976E-04    1.187976E-04    1.187976E-04    1.187976E-04    1.187976E-04    1.187976E-04    1.187976E-04    1.187976E-04    1.187976E-04    1.187976E-04    1.187976E-04    1.187976E-04    1.187976E-04    1.187976E-04
   1.187976E-04    1.187976E-04    1.187976E-04    1.187976E-04    1.187976E-04    1.187976E-04    1.187976E-04    1.187976E-04    1.187976E-04    1.187976E-04    1.187976E-04    1.187976E-04    1.187976E-04    1.187976E-04    1.187976E-04    1.187976E-04    1.187976E-04    1.187976E-04    1.187976E-04    1.187976E-04
   1.187976E-04    1.187976E-04    1.187976E-04    1.187976E-04    1.187976E-04    1.187976E-04    1.187976E-04    1.187976E-04    1.187976E-04    1.187976E-04    1.187976E-04    1.187976E-04    1.187976E-04    1.187976E-04    1.187976E-04    1.187976E-04    1.187976E-04    1.187976E-04    1.187976E-04    1.187976E-04
   1.187976E-04    1.187976E-04    1.187976E-04    1.187976E-04    1.187976E-04    1.187976E-04    1.187976E-04    1.187976E-04    1.187976E-04    1.187976E-04    1.187976E-04    1.187976E-04    1.187976E-04    1.187976E-04    1.187976E-04    1.187976E-04    1.187976E-04    1.187976E-04    1.187976E-04    1.187976E-04
   1.187976E-04    1.187976E-04    1.187976E-04    1.187976E-04    1.187976E-04    1.187976E-04    1.187976E-04    1.187976E-04    1.187976E-04    1.187976E-04    1.187976E-04    1.187976E-04    1.187976E-04    1.187976E-04    1.187976E-04    1.187976E-04    1.187976E-04    1.187976E-04    1.187976E-04    1.187976E-04
   1.187976E-04    1.187976E-04    1.187976E-04    1.187976E-04    1.187976E-04    1.187976E-04    1.187976E-04    1.187976E-04    1.187976E-04    1.187976E-04    1.187976E-04    1.187976E-04    1.187976E-04    1.187976E-04    1.187976E-04    1.187976E-04    1.187976E-04    1.187976E-04    1.187976E-04    1.187976E-04
   1.187976E-04    1.187976E-04    1.187976E-04    1.187976E-04    1.187976E-04    1.187976E-04    1.187976E-04    1.187976E-04    1.187976E-04    1.187976E-04    1.187976E-04    1.187976E-04    1.187976E-04    1.187976E-04    1.187976E-04    1.187976E-04    1.187976E-04    1.187976E-04    1.187976E-04    1.187976E-04
   1.187976E-04    1.187976E-04    1.187976E-04    1.187976E-04    1.187976E-04    1.187976E-04    1.187976E-04    1.187976E-04    1.187976E-04    1.187976E-04    1.187976E-04    1.187976E-04    1.187976E-04    1.187976E-04    1.187976E-04    1.187976E-04    1.187976E-04    1.187976E-04    1.187976E-04    1.187976E-04
   1.187976E-04    1.187976E-04    1.187976E-04    1.187976E-04    1.187976E-04    1.187976E-04    1.187976E-04    1.187976E-04    1.187976E-04    1.187976E-04    1.187976E-04    1.187976E-04    1.187976E-04    1.187976E-04    1.187976E-04    1.187976E-04    1.187976E-04    1.187976E-04    1.187976E-04    1.187976E-04
   1.187976E-04    1.187976E-04    1.187976E-04    1.187976E-04    1.187976E-04    1.187976E-04    1.187976E-04    1.187976E-04    1.187976E-04    1.187976E-04    1.187976E-04    1.187976E-04    1.187976E-04    1.187976E-04    1.187976E-04    1.187976E-04    1.187976E-04    1.187976E-04    1.187976E-04    1.187976E-04
   1.187976E-04    1.187976E-04    1.187976E-04    1.187976E-04    1.187976E-04    1.187976E-04    1.187976E-04    1.187976E-04    1.187976E-04    1.187976E-04    1.187976E-04    1.187976E-04    1.187976E-04    1.187976E-04    1.187976E-04    1.187976E-04    1.187976E-04    1.187976E-04    1.187976E-04    1.187976E-04
   1.187976E-04    1.187976E-04    1.187976E-04    1.187976E-04    1.187976E-04    1.187976E-04    1.187976E-04    1.187976E-04    1.187976E-04    1.187976E-04    1.187976E-04    1.187976E-04    1.187976E-04    1.187976E-04    1.187976E-04    1.187976E-04    1.187976E-04    1.187976E-04    1.187976E-04    1.187976E-04
   1.187976E-04    1.187976E-04    1.187976E-04    1.187976E-04    1.187976E-04    1.187976E-04    1.187976E-04    1.187976E-04    1.187976E-04    1.187976E-04    1.187976E-04    1.187976E-04    1.187976E-04    1.187976E-04    1.187976E-04    1.187976E-04    1.187976E-04    1.187976E-04    1.187976E-04    1.187976E-04
   1.187976E-04    1.187976E-04    1.187976E-04    1.187976E-04    1.187976E-04    1.187976E-04    1.187976E-04    1.187976E-04    1.187976E-04    1.187976E-04    1.187976E-04    1.187976E-04    1.187976E-04    1.187976E-04    1.187976E-04    1.187976E-04    1.187976E-04    1.187976E-04    1.187976E-04    1.187976E-04
