   7.314732E-05    7.314732E-05    7.314732E-05    7.314732E-05    7.314732E-05    7.314732E-05    7.314732E-05    7.314732E-05    7.314732E-05    7.314732E-05    7.314732E-05    7.314732E-05    7.314732E-05    7.314732E-05    7.314732E-05    7.314732E-05    7.314732E-05    7.314732E-05    7.314732E-05    7.314732E-05
   7.314732E-05    7.314732E-05    7.314732E-05    7.314732E-05    7.314732E-05    7.314732E-05    7.314732E-05    7.314732E-05    7.314732E-05    7.314732E-05    7.314732E-05    7.314732E-05    7.314732E-05    7.314732E-05    7.314732E-05    7.314732E-05    7.314732E-05    7.314732E-05    7.314732E-05    7.314732E-05
   7.314732E-05    7.314732E-05    7.314732E-05    7.314732E-05    7.314732E-05    7.314732E-05    7.314732E-05    7.314732E-05    7.314732E-05    7.314732E-05    7.314732E-05    7.314732E-05    7.314732E-05    7.314732E-05    7.314732E-05    7.314732E-05    7.314732E-05    7.314732E-05    7.314732E-05    7.314732E-05
   7.314732E-05    7.314732E-05    7.314732E-05    7.314732E-05    7.314732E-05    7.314732E-05    7.314732E-05    7.314732E-05    7.314732E-05    7.314732E-05    7.314732E-05    7.314732E-05    7.314732E-05    7.314732E-05    7.314732E-05    7.314732E-05    7.314732E-05    7.314732E-05    7.314732E-05    7.314732E-05
   7.314732E-05    7.314732E-05    7.314732E-05    7.314732E-05    7.314732E-05    7.314732E-05    7.314732E-05    7.314732E-05    7.314732E-05    7.314732E-05    7.314732E-05    7.314732E-05    7.314732E-05    7.314732E-05    7.314732E-05    7.314732E-05    7.314732E-05    7.314732E-05    7.314732E-05    7.314732E-05
   7.314732E-05    7.314732E-05    7.314732E-05    7.314732E-05    7.314732E-05    7.314732E-05    7.314732E-05    7.314732E-05    7.314732E-05    7.314732E-05    7.314732E-05    7.314732E-05    7.314732E-05    7.314732E-05    7.314732E-05    7.314732E-05    7.314732E-05    7.314732E-05    7.314732E-05    7.314732E-05
   7.314732E-05    7.314732E-05    7.314732E-05    7.314732E-05    7.314732E-05    7.314732E-05    7.314732E-05    7.314732E-05    7.314732E-05    7.314732E-05    7.314732E-05    7.314732E-05    7.314732E-05    7.314732E-05    7.314732E-05    7.314732E-05    7.314732E-05    7.314732E-05    7.314732E-05    7.314732E-05
   7.314732E-05    7.314732E-05    7.314732E-05    7.314732E-05    7.314732E-05    7.314732E-05    7.314732E-05    7.314732E-05    7.314732E-05    7.314732E-05    7.314732E-05    7.314732E-05    7.314732E-05    7.314732E-05    7.314732E-05    7.314732E-05    7.314732E-05    7.314732E-05    7.314732E-05    7.314732E-05
   7.314732E-05    7.314732E-05    7.314732E-05    7.314732E-05    7.314732E-05    7.314732E-05    7.314732E-05    7.314732E-05    7.314732E-05    7.314732E-05    7.314732E-05    7.314732E-05    7.314732E-05    7.314732E-05    7.314732E-05    7.314732E-05    7.314732E-05    7.314732E-05    7.314732E-05    7.314732E-05
   7.314732E-05    7.314732E-05    7.314732E-05    7.314732E-05    7.314732E-05    7.314732E-05    7.314732E-05    7.314732E-05    7.314732E-05    7.314732E-05    7.314732E-05    7.314732E-05    7.314732E-05    7.314732E-05    7.314732E-05    7.314732E-05    7.314732E-05    7.314732E-05    7.314732E-05    7.314732E-05
   7.314732E-05    7.314732E-05    7.314732E-05    7.314732E-05    7.314732E-05    7.314732E-05    7.314732E-05    7.314732E-05    7.314732E-05    7.314732E-05    7.314732E-05    7.314732E-05    7.314732E-05    7.314732E-05    7.314732E-05    7.314732E-05    7.314732E-05    7.314732E-05    7.314732E-05    7.314732E-05
   7.314732E-05    7.314732E-05    7.314732E-05    7.314732E-05    7.314732E-05    7.314732E-05    7.314732E-05    7.314732E-05    7.314732E-05    7.314732E-05    7.314732E-05    7.314732E-05    7.314732E-05    7.314732E-05    7.314732E-05    7.314732E-05    7.314732E-05    7.314732E-05    7.314732E-05    7.314732E-05
   7.314732E-05    7.314732E-05    7.314732E-05    7.314732E-05    7.314732E-05    7.314732E-05    7.314732E-05    7.314732E-05    7.314732E-05    7.314732E-05    7.314732E-05    7.314732E-05    7.314732E-05    7.314732E-05    7.314732E-05    7.314732E-05    7.314732E-05    7.314732E-05    7.314732E-05    7.314732E-05
   7.314732E-05    7.314732E-05    7.314732E-05    7.314732E-05    7.314732E-05    7.314732E-05    7.314732E-05    7.314732E-05    7.314732E-05    7.314732E-05    7.314732E-05    7.314732E-05    7.314732E-05    7.314732E-05    7.314732E-05    7.314732E-05    7.314732E-05    7.314732E-05    7.314732E-05    7.314732E-05
   7.314732E-05    7.314732E-05    7.314732E-05    7.314732E-05    7.314732E-05    7.314732E-05    7.314732E-05    7.314732E-05    7.314732E-05    7.314732E-05    7.314732E-05    7.314732E-05    7.314732E-05    7.314732E-05    7.314732E-05    7.314732E-05    7.314732E-05    7.314732E-05    7.314732E-05    7.314732E-05
   7.314732E-05    7.314732E-05    7.314732E-05    7.314732E-05    7.314732E-05    7.314732E-05    7.314732E-05    7.314732E-05    7.314732E-05    7.314732E-05    7.314732E-05    7.314732E-05    7.314732E-05    7.314732E-05    7.314732E-05    7.314732E-05    7.314732E-05    7.314732E-05    7.314732E-05    7.314732E-05
   7.314732E-05    7.314732E-05    7.314732E-05    7.314732E-05    7.314732E-05    7.314732E-05    7.314732E-05    7.314732E-05    7.314732E-05    7.314732E-05    7.314732E-05    7.314732E-05    7.314732E-05    7.314732E-05    7.314732E-05    7.314732E-05    7.314732E-05    7.314732E-05    7.314732E-05    7.314732E-05
   7.314732E-05    7.314732E-05    7.314732E-05    7.314732E-05    7.314732E-05    7.314732E-05    7.314732E-05    7.314732E-05    7.314732E-05    7.314732E-05    7.314732E-05    7.314732E-05    7.314732E-05    7.314732E-05    7.314732E-05    7.314732E-05    7.314732E-05    7.314732E-05    7.314732E-05    7.314732E-05
   7.314732E-05    7.314732E-05    7.314732E-05    7.314732E-05    7.314732E-05    7.314732E-05    7.314732E-05    7.314732E-05    7.314732E-05    7.314732E-05    7.314732E-05    7.314732E-05    7.314732E-05    7.314732E-05    7.314732E-05    7.314732E-05    7.314732E-05    7.314732E-05    7.314732E-05    7.314732E-05
   7.314732E-05    7.314732E-05    7.314732E-05    7.314732E-05    7.314732E-05    7.314732E-05    7.314732E-05    7.314732E-05    7.314732E-05    7.314732E-05    7.314732E-05    7.314732E-05    7.314732E-05    7.314732E-05    7.314732E-05    7.314732E-05    7.314732E-05    7.314732E-05    7.314732E-05    7.314732E-05
   7.314732E-05    7.314732E-05    7.314732E-05    7.314732E-05    7.314732E-05    7.314732E-05    7.314732E-05    7.314732E-05    7.314732E-05    7.314732E-05    7.314732E-05    7.314732E-05    7.314732E-05    7.314732E-05    7.314732E-05    7.314732E-05    7.314732E-05    7.314732E-05    7.314732E-05    7.314732E-05
   7.314732E-05    7.314732E-05    7.314732E-05    7.314732E-05    7.314732E-05    7.314732E-05    7.314732E-05    7.314732E-05    7.314732E-05    7.314732E-05    7.314732E-05    7.314732E-05    7.314732E-05    7.314732E-05    7.314732E-05    7.314732E-05    7.314732E-05    7.314732E-05    7.314732E-05    7.314732E-05
   7.314732E-05    7.314732E-05    7.314732E-05    7.314732E-05    7.314732E-05    7.314732E-05    7.314732E-05    7.314732E-05    7.314732E-05    7.314732E-05    7.314732E-05    7.314732E-05    7.314732E-05    7.314732E-05    7.314732E-05    7.314732E-05    7.314732E-05    7.314732E-05    7.314732E-05    7.314732E-05
   7.314732E-05    7.314732E-05    7.314732E-05    7.314732E-05    7.314732E-05    7.314732E-05    7.314732E-05    7.314732E-05    7.314732E-05    7.314732E-05    7.314732E-05    7.314732E-05    7.314732E-05    7.314732E-05    7.314732E-05    7.314732E-05    7.314732E-05    7.314732E-05    7.314732E-05    7.314732E-05
   7.314732E-05    7.314732E-05    7.314732E-05    7.314732E-05    7.314732E-05    7.314732E-05    7.314732E-05    7.314732E-05    7.314732E-05    7.314732E-05    7.314732E-05    7.314732E-05    7.314732E-05    7.314732E-05    7.314732E-05    7.314732E-05    7.314732E-05    7.314732E-05    7.314732E-05    7.314732E-05
   7.314732E-05    7.314732E-05    7.314732E-05    7.314732E-05    7.314732E-05    7.314732E-05    7.314732E-05    7.314732E-05    7.314732E-05    7.314732E-05    7.314732E-05    7.314732E-05    7.314732E-05    7.314732E-05    7.314732E-05    7.314732E-05    7.314732E-05    7.314732E-05    7.314732E-05    7.314732E-05
   7.314732E-05    7.314732E-05    7.314732E-05    7.314732E-05    7.314732E-05    7.314732E-05    7.314732E-05    7.314732E-05    7.314732E-05    7.314732E-05    7.314732E-05    7.314732E-05    7.314732E-05    7.314732E-05    7.314732E-05    7.314732E-05    7.314732E-05    7.314732E-05    7.314732E-05    7.314732E-05
   7.314732E-05    7.314732E-05    7.314732E-05    7.314732E-05    7.314732E-05    7.314732E-05    7.314732E-05    7.314732E-05    7.314732E-05    7.314732E-05    7.314732E-05    7.314732E-05    7.314732E-05    7.314732E-05    7.314732E-05    7.314732E-05    7.314732E-05    7.314732E-05    7.314732E-05    7.314732E-05
   7.314732E-05    7.314732E-05    7.314732E-05    7.314732E-05    7.314732E-05    7.314732E-05    7.314732E-05    7.314732E-05    7.314732E-05    7.314732E-05    7.314732E-05    7.314732E-05    7.314732E-05    7.314732E-05    7.314732E-05    7.314732E-05    7.314732E-05    7.314732E-05    7.314732E-05    7.314732E-05
   7.314732E-05    7.314732E-05    7.314732E-05    7.314732E-05    7.314732E-05    7.314732E-05    7.314732E-05    7.314732E-05    7.314732E-05    7.314732E-05    7.314732E-05    7.314732E-05    7.314732E-05    7.314732E-05    7.314732E-05    7.314732E-05    7.314732E-05    7.314732E-05    7.314732E-05    7.314732E-05
   7.314732E-05    7.314732E-05    7.314732E-05    7.314732E-05    7.314732E-05    7.314732E-05    7.314732E-05    7.314732E-05    7.314732E-05    7.314732E-05    7.314732E-05    7.314732E-05    7.314732E-05    7.314732E-05    7.314732E-05    7.314732E-05    7.314732E-05    7.314732E-05    7.314732E-05    7.314732E-05
   7.314732E-05    7.314732E-05    7.314732E-05    7.314732E-05    7.314732E-05    7.314732E-05    7.314732E-05    7.314732E-05    7.314732E-05    7.314732E-05    7.314732E-05    7.314732E-05    7.314732E-05    7.314732E-05    7.314732E-05    7.314732E-05    7.314732E-05    7.314732E-05    7.314732E-05    7.314732E-05
   7.314732E-05    7.314732E-05    7.314732E-05    7.314732E-05    7.314732E-05    7.314732E-05    7.314732E-05    7.314732E-05    7.314732E-05    7.314732E-05    7.314732E-05    7.314732E-05    7.314732E-05    7.314732E-05    7.314732E-05    7.314732E-05    7.314732E-05    7.314732E-05    7.314732E-05    7.314732E-05
   7.314732E-05    7.314732E-05    7.314732E-05    7.314732E-05    7.314732E-05    7.314732E-05    7.314732E-05    7.314732E-05    7.314732E-05    7.314732E-05    7.314732E-05    7.314732E-05    7.314732E-05    7.314732E-05    7.314732E-05    7.314732E-05    7.314732E-05    7.314732E-05    7.314732E-05    7.314732E-05
   7.314732E-05    7.314732E-05    7.314732E-05    7.314732E-05    7.314732E-05    7.314732E-05    7.314732E-05    7.314732E-05    7.314732E-05    7.314732E-05    7.314732E-05    7.314732E-05    7.314732E-05    7.314732E-05    7.314732E-05    7.314732E-05    7.314732E-05    7.314732E-05    7.314732E-05    7.314732E-05
   7.314732E-05    7.314732E-05    7.314732E-05    7.314732E-05    7.314732E-05    7.314732E-05    7.314732E-05    7.314732E-05    7.314732E-05    7.314732E-05    7.314732E-05    7.314732E-05    7.314732E-05    7.314732E-05    7.314732E-05    7.314732E-05    7.314732E-05    7.314732E-05    7.314732E-05    7.314732E-05
   7.314732E-05    7.314732E-05    7.314732E-05    7.314732E-05    7.314732E-05    7.314732E-05    7.314732E-05    7.314732E-05    7.314732E-05    7.314732E-05    7.314732E-05    7.314732E-05    7.314732E-05    7.314732E-05    7.314732E-05    7.314732E-05    7.314732E-05    7.314732E-05    7.314732E-05    7.314732E-05
   7.314732E-05    7.314732E-05    7.314732E-05    7.314732E-05    7.314732E-05    7.314732E-05    7.314732E-05    7.314732E-05    7.314732E-05    7.314732E-05    7.314732E-05    7.314732E-05    7.314732E-05    7.314732E-05    7.314732E-05    7.314732E-05    7.314732E-05    7.314732E-05    7.314732E-05    7.314732E-05
   7.314732E-05    7.314732E-05    7.314732E-05    7.314732E-05    7.314732E-05    7.314732E-05    7.314732E-05    7.314732E-05    7.314732E-05    7.314732E-05    7.314732E-05    7.314732E-05    7.314732E-05    7.314732E-05    7.314732E-05    7.314732E-05    7.314732E-05    7.314732E-05    7.314732E-05    7.314732E-05
   7.314732E-05    7.314732E-05    7.314732E-05    7.314732E-05    7.314732E-05    7.314732E-05    7.314732E-05    7.314732E-05    7.314732E-05    7.314732E-05    7.314732E-05    7.314732E-05    7.314732E-05    7.314732E-05    7.314732E-05    7.314732E-05    7.314732E-05    7.314732E-05    7.314732E-05    7.314732E-05
