   2.934166E-05    2.934166E-05    2.934166E-05    2.934166E-05    2.934166E-05    2.934166E-05    2.934166E-05    2.934166E-05    2.934166E-05    2.934166E-05    2.934166E-05    2.934166E-05    2.934166E-05    2.934166E-05    2.934166E-05    2.934166E-05    2.934166E-05    2.934166E-05    2.934166E-05    2.934166E-05
   2.934166E-05    2.934166E-05    2.934166E-05    2.934166E-05    2.934166E-05    2.934166E-05    2.934166E-05    2.934166E-05    2.934166E-05    2.934166E-05    2.934166E-05    2.934166E-05    2.934166E-05    2.934166E-05    2.934166E-05    2.934166E-05    2.934166E-05    2.934166E-05    2.934166E-05    2.934166E-05
   2.934166E-05    2.934166E-05    2.934166E-05    2.934166E-05    2.934166E-05    2.934166E-05    2.934166E-05    2.934166E-05    2.934166E-05    2.934166E-05    2.934166E-05    2.934166E-05    2.934166E-05    2.934166E-05    2.934166E-05    2.934166E-05    2.934166E-05    2.934166E-05    2.934166E-05    2.934166E-05
   2.934166E-05    2.934166E-05    2.934166E-05    2.934166E-05    2.934166E-05    2.934166E-05    2.934166E-05    2.934166E-05    2.934166E-05    2.934166E-05    2.934166E-05    2.934166E-05    2.934166E-05    2.934166E-05    2.934166E-05    2.934166E-05    2.934166E-05    2.934166E-05    2.934166E-05    2.934166E-05
   2.934166E-05    2.934166E-05    2.934166E-05    2.934166E-05    2.934166E-05    2.934166E-05    2.934166E-05    2.934166E-05    2.934166E-05    2.934166E-05    2.934166E-05    2.934166E-05    2.934166E-05    2.934166E-05    2.934166E-05    2.934166E-05    2.934166E-05    2.934166E-05    2.934166E-05    2.934166E-05
   2.934166E-05    2.934166E-05    2.934166E-05    2.934166E-05    2.934166E-05    2.934166E-05    2.934166E-05    2.934166E-05    2.934166E-05    2.934166E-05    2.934166E-05    2.934166E-05    2.934166E-05    2.934166E-05    2.934166E-05    2.934166E-05    2.934166E-05    2.934166E-05    2.934166E-05    2.934166E-05
   2.934166E-05    2.934166E-05    2.934166E-05    2.934166E-05    2.934166E-05    2.934166E-05    2.934166E-05    2.934166E-05    2.934166E-05    2.934166E-05    2.934166E-05    2.934166E-05    2.934166E-05    2.934166E-05    2.934166E-05    2.934166E-05    2.934166E-05    2.934166E-05    2.934166E-05    2.934166E-05
   2.934166E-05    2.934166E-05    2.934166E-05    2.934166E-05    2.934166E-05    2.934166E-05    2.934166E-05    2.934166E-05    2.934166E-05    2.934166E-05    2.934166E-05    2.934166E-05    2.934166E-05    2.934166E-05    2.934166E-05    2.934166E-05    2.934166E-05    2.934166E-05    2.934166E-05    2.934166E-05
   2.934166E-05    2.934166E-05    2.934166E-05    2.934166E-05    2.934166E-05    2.934166E-05    2.934166E-05    2.934166E-05    2.934166E-05    2.934166E-05    2.934166E-05    2.934166E-05    2.934166E-05    2.934166E-05    2.934166E-05    2.934166E-05    2.934166E-05    2.934166E-05    2.934166E-05    2.934166E-05
   2.934166E-05    2.934166E-05    2.934166E-05    2.934166E-05    2.934166E-05    2.934166E-05    2.934166E-05    2.934166E-05    2.934166E-05    2.934166E-05    2.934166E-05    2.934166E-05    2.934166E-05    2.934166E-05    2.934166E-05    2.934166E-05    2.934166E-05    2.934166E-05    2.934166E-05    2.934166E-05
   2.934166E-05    2.934166E-05    2.934166E-05    2.934166E-05    2.934166E-05    2.934166E-05    2.934166E-05    2.934166E-05    2.934166E-05    2.934166E-05    2.934166E-05    2.934166E-05    2.934166E-05    2.934166E-05    2.934166E-05    2.934166E-05    2.934166E-05    2.934166E-05    2.934166E-05    2.934166E-05
   2.934166E-05    2.934166E-05    2.934166E-05    2.934166E-05    2.934166E-05    2.934166E-05    2.934166E-05    2.934166E-05    2.934166E-05    2.934166E-05    2.934166E-05    2.934166E-05    2.934166E-05    2.934166E-05    2.934166E-05    2.934166E-05    2.934166E-05    2.934166E-05    2.934166E-05    2.934166E-05
   2.934166E-05    2.934166E-05    2.934166E-05    2.934166E-05    2.934166E-05    2.934166E-05    2.934166E-05    2.934166E-05    2.934166E-05    2.934166E-05    2.934166E-05    2.934166E-05    2.934166E-05    2.934166E-05    2.934166E-05    2.934166E-05    2.934166E-05    2.934166E-05    2.934166E-05    2.934166E-05
   2.934166E-05    2.934166E-05    2.934166E-05    2.934166E-05    2.934166E-05    2.934166E-05    2.934166E-05    2.934166E-05    2.934166E-05    2.934166E-05    2.934166E-05    2.934166E-05    2.934166E-05    2.934166E-05    2.934166E-05    2.934166E-05    2.934166E-05    2.934166E-05    2.934166E-05    2.934166E-05
   2.934166E-05    2.934166E-05    2.934166E-05    2.934166E-05    2.934166E-05    2.934166E-05    2.934166E-05    2.934166E-05    2.934166E-05    2.934166E-05    2.934166E-05    2.934166E-05    2.934166E-05    2.934166E-05    2.934166E-05    2.934166E-05    2.934166E-05    2.934166E-05    2.934166E-05    2.934166E-05
   2.934166E-05    2.934166E-05    2.934166E-05    2.934166E-05    2.934166E-05    2.934166E-05    2.934166E-05    2.934166E-05    2.934166E-05    2.934166E-05    2.934166E-05    2.934166E-05    2.934166E-05    2.934166E-05    2.934166E-05    2.934166E-05    2.934166E-05    2.934166E-05    2.934166E-05    2.934166E-05
   2.934166E-05    2.934166E-05    2.934166E-05    2.934166E-05    2.934166E-05    2.934166E-05    2.934166E-05    2.934166E-05    2.934166E-05    2.934166E-05    2.934166E-05    2.934166E-05    2.934166E-05    2.934166E-05    2.934166E-05    2.934166E-05    2.934166E-05    2.934166E-05    2.934166E-05    2.934166E-05
   2.934166E-05    2.934166E-05    2.934166E-05    2.934166E-05    2.934166E-05    2.934166E-05    2.934166E-05    2.934166E-05    2.934166E-05    2.934166E-05    2.934166E-05    2.934166E-05    2.934166E-05    2.934166E-05    2.934166E-05    2.934166E-05    2.934166E-05    2.934166E-05    2.934166E-05    2.934166E-05
   2.934166E-05    2.934166E-05    2.934166E-05    2.934166E-05    2.934166E-05    2.934166E-05    2.934166E-05    2.934166E-05    2.934166E-05    2.934166E-05    2.934166E-05    2.934166E-05    2.934166E-05    2.934166E-05    2.934166E-05    2.934166E-05    2.934166E-05    2.934166E-05    2.934166E-05    2.934166E-05
   2.934166E-05    2.934166E-05    2.934166E-05    2.934166E-05    2.934166E-05    2.934166E-05    2.934166E-05    2.934166E-05    2.934166E-05    2.934166E-05    2.934166E-05    2.934166E-05    2.934166E-05    2.934166E-05    2.934166E-05    2.934166E-05    2.934166E-05    2.934166E-05    2.934166E-05    2.934166E-05
   2.934166E-05    2.934166E-05    2.934166E-05    2.934166E-05    2.934166E-05    2.934166E-05    2.934166E-05    2.934166E-05    2.934166E-05    2.934166E-05    2.934166E-05    2.934166E-05    2.934166E-05    2.934166E-05    2.934166E-05    2.934166E-05    2.934166E-05    2.934166E-05    2.934166E-05    2.934166E-05
   2.934166E-05    2.934166E-05    2.934166E-05    2.934166E-05    2.934166E-05    2.934166E-05    2.934166E-05    2.934166E-05    2.934166E-05    2.934166E-05    2.934166E-05    2.934166E-05    2.934166E-05    2.934166E-05    2.934166E-05    2.934166E-05    2.934166E-05    2.934166E-05    2.934166E-05    2.934166E-05
   2.934166E-05    2.934166E-05    2.934166E-05    2.934166E-05    2.934166E-05    2.934166E-05    2.934166E-05    2.934166E-05    2.934166E-05    2.934166E-05    2.934166E-05    2.934166E-05    2.934166E-05    2.934166E-05    2.934166E-05    2.934166E-05    2.934166E-05    2.934166E-05    2.934166E-05    2.934166E-05
   2.934166E-05    2.934166E-05    2.934166E-05    2.934166E-05    2.934166E-05    2.934166E-05    2.934166E-05    2.934166E-05    2.934166E-05    2.934166E-05    2.934166E-05    2.934166E-05    2.934166E-05    2.934166E-05    2.934166E-05    2.934166E-05    2.934166E-05    2.934166E-05    2.934166E-05    2.934166E-05
   2.934166E-05    2.934166E-05    2.934166E-05    2.934166E-05    2.934166E-05    2.934166E-05    2.934166E-05    2.934166E-05    2.934166E-05    2.934166E-05    2.934166E-05    2.934166E-05    2.934166E-05    2.934166E-05    2.934166E-05    2.934166E-05    2.934166E-05    2.934166E-05    2.934166E-05    2.934166E-05
   2.934166E-05    2.934166E-05    2.934166E-05    2.934166E-05    2.934166E-05    2.934166E-05    2.934166E-05    2.934166E-05    2.934166E-05    2.934166E-05    2.934166E-05    2.934166E-05    2.934166E-05    2.934166E-05    2.934166E-05    2.934166E-05    2.934166E-05    2.934166E-05    2.934166E-05    2.934166E-05
   2.934166E-05    2.934166E-05    2.934166E-05    2.934166E-05    2.934166E-05    2.934166E-05    2.934166E-05    2.934166E-05    2.934166E-05    2.934166E-05    2.934166E-05    2.934166E-05    2.934166E-05    2.934166E-05    2.934166E-05    2.934166E-05    2.934166E-05    2.934166E-05    2.934166E-05    2.934166E-05
   2.934166E-05    2.934166E-05    2.934166E-05    2.934166E-05    2.934166E-05    2.934166E-05    2.934166E-05    2.934166E-05    2.934166E-05    2.934166E-05    2.934166E-05    2.934166E-05    2.934166E-05    2.934166E-05    2.934166E-05    2.934166E-05    2.934166E-05    2.934166E-05    2.934166E-05    2.934166E-05
   2.934166E-05    2.934166E-05    2.934166E-05    2.934166E-05    2.934166E-05    2.934166E-05    2.934166E-05    2.934166E-05    2.934166E-05    2.934166E-05    2.934166E-05    2.934166E-05    2.934166E-05    2.934166E-05    2.934166E-05    2.934166E-05    2.934166E-05    2.934166E-05    2.934166E-05    2.934166E-05
   2.934166E-05    2.934166E-05    2.934166E-05    2.934166E-05    2.934166E-05    2.934166E-05    2.934166E-05    2.934166E-05    2.934166E-05    2.934166E-05    2.934166E-05    2.934166E-05    2.934166E-05    2.934166E-05    2.934166E-05    2.934166E-05    2.934166E-05    2.934166E-05    2.934166E-05    2.934166E-05
   2.934166E-05    2.934166E-05    2.934166E-05    2.934166E-05    2.934166E-05    2.934166E-05    2.934166E-05    2.934166E-05    2.934166E-05    2.934166E-05    2.934166E-05    2.934166E-05    2.934166E-05    2.934166E-05    2.934166E-05    2.934166E-05    2.934166E-05    2.934166E-05    2.934166E-05    2.934166E-05
   2.934166E-05    2.934166E-05    2.934166E-05    2.934166E-05    2.934166E-05    2.934166E-05    2.934166E-05    2.934166E-05    2.934166E-05    2.934166E-05    2.934166E-05    2.934166E-05    2.934166E-05    2.934166E-05    2.934166E-05    2.934166E-05    2.934166E-05    2.934166E-05    2.934166E-05    2.934166E-05
   2.934166E-05    2.934166E-05    2.934166E-05    2.934166E-05    2.934166E-05    2.934166E-05    2.934166E-05    2.934166E-05    2.934166E-05    2.934166E-05    2.934166E-05    2.934166E-05    2.934166E-05    2.934166E-05    2.934166E-05    2.934166E-05    2.934166E-05    2.934166E-05    2.934166E-05    2.934166E-05
   2.934166E-05    2.934166E-05    2.934166E-05    2.934166E-05    2.934166E-05    2.934166E-05    2.934166E-05    2.934166E-05    2.934166E-05    2.934166E-05    2.934166E-05    2.934166E-05    2.934166E-05    2.934166E-05    2.934166E-05    2.934166E-05    2.934166E-05    2.934166E-05    2.934166E-05    2.934166E-05
   2.934166E-05    2.934166E-05    2.934166E-05    2.934166E-05    2.934166E-05    2.934166E-05    2.934166E-05    2.934166E-05    2.934166E-05    2.934166E-05    2.934166E-05    2.934166E-05    2.934166E-05    2.934166E-05    2.934166E-05    2.934166E-05    2.934166E-05    2.934166E-05    2.934166E-05    2.934166E-05
   2.934166E-05    2.934166E-05    2.934166E-05    2.934166E-05    2.934166E-05    2.934166E-05    2.934166E-05    2.934166E-05    2.934166E-05    2.934166E-05    2.934166E-05    2.934166E-05    2.934166E-05    2.934166E-05    2.934166E-05    2.934166E-05    2.934166E-05    2.934166E-05    2.934166E-05    2.934166E-05
   2.934166E-05    2.934166E-05    2.934166E-05    2.934166E-05    2.934166E-05    2.934166E-05    2.934166E-05    2.934166E-05    2.934166E-05    2.934166E-05    2.934166E-05    2.934166E-05    2.934166E-05    2.934166E-05    2.934166E-05    2.934166E-05    2.934166E-05    2.934166E-05    2.934166E-05    2.934166E-05
   2.934166E-05    2.934166E-05    2.934166E-05    2.934166E-05    2.934166E-05    2.934166E-05    2.934166E-05    2.934166E-05    2.934166E-05    2.934166E-05    2.934166E-05    2.934166E-05    2.934166E-05    2.934166E-05    2.934166E-05    2.934166E-05    2.934166E-05    2.934166E-05    2.934166E-05    2.934166E-05
   2.934166E-05    2.934166E-05    2.934166E-05    2.934166E-05    2.934166E-05    2.934166E-05    2.934166E-05    2.934166E-05    2.934166E-05    2.934166E-05    2.934166E-05    2.934166E-05    2.934166E-05    2.934166E-05    2.934166E-05    2.934166E-05    2.934166E-05    2.934166E-05    2.934166E-05    2.934166E-05
   2.934166E-05    2.934166E-05    2.934166E-05    2.934166E-05    2.934166E-05    2.934166E-05    2.934166E-05    2.934166E-05    2.934166E-05    2.934166E-05    2.934166E-05    2.934166E-05    2.934166E-05    2.934166E-05    2.934166E-05    2.934166E-05    2.934166E-05    2.934166E-05    2.934166E-05    2.934166E-05
