   7.954515E-06    7.954515E-06    7.954515E-06    7.954515E-06    7.954515E-06    7.954515E-06    7.954515E-06    7.954515E-06    7.954515E-06    7.954515E-06    7.954515E-06    7.954515E-06    7.954515E-06    7.954515E-06    7.954515E-06    7.954515E-06    7.954515E-06    7.954515E-06    7.954515E-06    7.954515E-06
   7.954515E-06    7.954515E-06    7.954515E-06    7.954515E-06    7.954515E-06    7.954515E-06    7.954515E-06    7.954515E-06    7.954515E-06    7.954515E-06    7.954515E-06    7.954515E-06    7.954515E-06    7.954515E-06    7.954515E-06    7.954515E-06    7.954515E-06    7.954515E-06    7.954515E-06    7.954515E-06
   7.954515E-06    7.954515E-06    7.954515E-06    7.954515E-06    7.954515E-06    7.954515E-06    7.954515E-06    7.954515E-06    7.954515E-06    7.954515E-06    7.954515E-06    7.954515E-06    7.954515E-06    7.954515E-06    7.954515E-06    7.954515E-06    7.954515E-06    7.954515E-06    7.954515E-06    7.954515E-06
   7.954515E-06    7.954515E-06    7.954515E-06    7.954515E-06    7.954515E-06    7.954515E-06    7.954515E-06    7.954515E-06    7.954515E-06    7.954515E-06    7.954515E-06    7.954515E-06    7.954515E-06    7.954515E-06    7.954515E-06    7.954515E-06    7.954515E-06    7.954515E-06    7.954515E-06    7.954515E-06
   7.954515E-06    7.954515E-06    7.954515E-06    7.954515E-06    7.954515E-06    7.954515E-06    7.954515E-06    7.954515E-06    7.954515E-06    7.954515E-06    7.954515E-06    7.954515E-06    7.954515E-06    7.954515E-06    7.954515E-06    7.954515E-06    7.954515E-06    7.954515E-06    7.954515E-06    7.954515E-06
   7.954515E-06    7.954515E-06    7.954515E-06    7.954515E-06    7.954515E-06    7.954515E-06    7.954515E-06    7.954515E-06    7.954515E-06    7.954515E-06    7.954515E-06    7.954515E-06    7.954515E-06    7.954515E-06    7.954515E-06    7.954515E-06    7.954515E-06    7.954515E-06    7.954515E-06    7.954515E-06
   7.954515E-06    7.954515E-06    7.954515E-06    7.954515E-06    7.954515E-06    7.954515E-06    7.954515E-06    7.954515E-06    7.954515E-06    7.954515E-06    7.954515E-06    7.954515E-06    7.954515E-06    7.954515E-06    7.954515E-06    7.954515E-06    7.954515E-06    7.954515E-06    7.954515E-06    7.954515E-06
   7.954515E-06    7.954515E-06    7.954515E-06    7.954515E-06    7.954515E-06    7.954515E-06    7.954515E-06    7.954515E-06    7.954515E-06    7.954515E-06    7.954515E-06    7.954515E-06    7.954515E-06    7.954515E-06    7.954515E-06    7.954515E-06    7.954515E-06    7.954515E-06    7.954515E-06    7.954515E-06
   7.954515E-06    7.954515E-06    7.954515E-06    7.954515E-06    7.954515E-06    7.954515E-06    7.954515E-06    7.954515E-06    7.954515E-06    7.954515E-06    7.954515E-06    7.954515E-06    7.954515E-06    7.954515E-06    7.954515E-06    7.954515E-06    7.954515E-06    7.954515E-06    7.954515E-06    7.954515E-06
   7.954515E-06    7.954515E-06    7.954515E-06    7.954515E-06    7.954515E-06    7.954515E-06    7.954515E-06    7.954515E-06    7.954515E-06    7.954515E-06    7.954515E-06    7.954515E-06    7.954515E-06    7.954515E-06    7.954515E-06    7.954515E-06    7.954515E-06    7.954515E-06    7.954515E-06    7.954515E-06
   7.954515E-06    7.954515E-06    7.954515E-06    7.954515E-06    7.954515E-06    7.954515E-06    7.954515E-06    7.954515E-06    7.954515E-06    7.954515E-06    7.954515E-06    7.954515E-06    7.954515E-06    7.954515E-06    7.954515E-06    7.954515E-06    7.954515E-06    7.954515E-06    7.954515E-06    7.954515E-06
   7.954515E-06    7.954515E-06    7.954515E-06    7.954515E-06    7.954515E-06    7.954515E-06    7.954515E-06    7.954515E-06    7.954515E-06    7.954515E-06    7.954515E-06    7.954515E-06    7.954515E-06    7.954515E-06    7.954515E-06    7.954515E-06    7.954515E-06    7.954515E-06    7.954515E-06    7.954515E-06
   7.954515E-06    7.954515E-06    7.954515E-06    7.954515E-06    7.954515E-06    7.954515E-06    7.954515E-06    7.954515E-06    7.954515E-06    7.954515E-06    7.954515E-06    7.954515E-06    7.954515E-06    7.954515E-06    7.954515E-06    7.954515E-06    7.954515E-06    7.954515E-06    7.954515E-06    7.954515E-06
   7.954515E-06    7.954515E-06    7.954515E-06    7.954515E-06    7.954515E-06    7.954515E-06    7.954515E-06    7.954515E-06    7.954515E-06    7.954515E-06    7.954515E-06    7.954515E-06    7.954515E-06    7.954515E-06    7.954515E-06    7.954515E-06    7.954515E-06    7.954515E-06    7.954515E-06    7.954515E-06
   7.954515E-06    7.954515E-06    7.954515E-06    7.954515E-06    7.954515E-06    7.954515E-06    7.954515E-06    7.954515E-06    7.954515E-06    7.954515E-06    7.954515E-06    7.954515E-06    7.954515E-06    7.954515E-06    7.954515E-06    7.954515E-06    7.954515E-06    7.954515E-06    7.954515E-06    7.954515E-06
   7.954515E-06    7.954515E-06    7.954515E-06    7.954515E-06    7.954515E-06    7.954515E-06    7.954515E-06    7.954515E-06    7.954515E-06    7.954515E-06    7.954515E-06    7.954515E-06    7.954515E-06    7.954515E-06    7.954515E-06    7.954515E-06    7.954515E-06    7.954515E-06    7.954515E-06    7.954515E-06
   7.954515E-06    7.954515E-06    7.954515E-06    7.954515E-06    7.954515E-06    7.954515E-06    7.954515E-06    7.954515E-06    7.954515E-06    7.954515E-06    7.954515E-06    7.954515E-06    7.954515E-06    7.954515E-06    7.954515E-06    7.954515E-06    7.954515E-06    7.954515E-06    7.954515E-06    7.954515E-06
   7.954515E-06    7.954515E-06    7.954515E-06    7.954515E-06    7.954515E-06    7.954515E-06    7.954515E-06    7.954515E-06    7.954515E-06    7.954515E-06    7.954515E-06    7.954515E-06    7.954515E-06    7.954515E-06    7.954515E-06    7.954515E-06    7.954515E-06    7.954515E-06    7.954515E-06    7.954515E-06
   7.954515E-06    7.954515E-06    7.954515E-06    7.954515E-06    7.954515E-06    7.954515E-06    7.954515E-06    7.954515E-06    7.954515E-06    7.954515E-06    7.954515E-06    7.954515E-06    7.954515E-06    7.954515E-06    7.954515E-06    7.954515E-06    7.954515E-06    7.954515E-06    7.954515E-06    7.954515E-06
   7.954515E-06    7.954515E-06    7.954515E-06    7.954515E-06    7.954515E-06    7.954515E-06    7.954515E-06    7.954515E-06    7.954515E-06    7.954515E-06    7.954515E-06    7.954515E-06    7.954515E-06    7.954515E-06    7.954515E-06    7.954515E-06    7.954515E-06    7.954515E-06    7.954515E-06    7.954515E-06
   7.954515E-06    7.954515E-06    7.954515E-06    7.954515E-06    7.954515E-06    7.954515E-06    7.954515E-06    7.954515E-06    7.954515E-06    7.954515E-06    7.954515E-06    7.954515E-06    7.954515E-06    7.954515E-06    7.954515E-06    7.954515E-06    7.954515E-06    7.954515E-06    7.954515E-06    7.954515E-06
   7.954515E-06    7.954515E-06    7.954515E-06    7.954515E-06    7.954515E-06    7.954515E-06    7.954515E-06    7.954515E-06    7.954515E-06    7.954515E-06    7.954515E-06    7.954515E-06    7.954515E-06    7.954515E-06    7.954515E-06    7.954515E-06    7.954515E-06    7.954515E-06    7.954515E-06    7.954515E-06
   7.954515E-06    7.954515E-06    7.954515E-06    7.954515E-06    7.954515E-06    7.954515E-06    7.954515E-06    7.954515E-06    7.954515E-06    7.954515E-06    7.954515E-06    7.954515E-06    7.954515E-06    7.954515E-06    7.954515E-06    7.954515E-06    7.954515E-06    7.954515E-06    7.954515E-06    7.954515E-06
   7.954515E-06    7.954515E-06    7.954515E-06    7.954515E-06    7.954515E-06    7.954515E-06    7.954515E-06    7.954515E-06    7.954515E-06    7.954515E-06    7.954515E-06    7.954515E-06    7.954515E-06    7.954515E-06    7.954515E-06    7.954515E-06    7.954515E-06    7.954515E-06    7.954515E-06    7.954515E-06
   7.954515E-06    7.954515E-06    7.954515E-06    7.954515E-06    7.954515E-06    7.954515E-06    7.954515E-06    7.954515E-06    7.954515E-06    7.954515E-06    7.954515E-06    7.954515E-06    7.954515E-06    7.954515E-06    7.954515E-06    7.954515E-06    7.954515E-06    7.954515E-06    7.954515E-06    7.954515E-06
   7.954515E-06    7.954515E-06    7.954515E-06    7.954515E-06    7.954515E-06    7.954515E-06    7.954515E-06    7.954515E-06    7.954515E-06    7.954515E-06    7.954515E-06    7.954515E-06    7.954515E-06    7.954515E-06    7.954515E-06    7.954515E-06    7.954515E-06    7.954515E-06    7.954515E-06    7.954515E-06
   7.954515E-06    7.954515E-06    7.954515E-06    7.954515E-06    7.954515E-06    7.954515E-06    7.954515E-06    7.954515E-06    7.954515E-06    7.954515E-06    7.954515E-06    7.954515E-06    7.954515E-06    7.954515E-06    7.954515E-06    7.954515E-06    7.954515E-06    7.954515E-06    7.954515E-06    7.954515E-06
   7.954515E-06    7.954515E-06    7.954515E-06    7.954515E-06    7.954515E-06    7.954515E-06    7.954515E-06    7.954515E-06    7.954515E-06    7.954515E-06    7.954515E-06    7.954515E-06    7.954515E-06    7.954515E-06    7.954515E-06    7.954515E-06    7.954515E-06    7.954515E-06    7.954515E-06    7.954515E-06
   7.954515E-06    7.954515E-06    7.954515E-06    7.954515E-06    7.954515E-06    7.954515E-06    7.954515E-06    7.954515E-06    7.954515E-06    7.954515E-06    7.954515E-06    7.954515E-06    7.954515E-06    7.954515E-06    7.954515E-06    7.954515E-06    7.954515E-06    7.954515E-06    7.954515E-06    7.954515E-06
   7.954515E-06    7.954515E-06    7.954515E-06    7.954515E-06    7.954515E-06    7.954515E-06    7.954515E-06    7.954515E-06    7.954515E-06    7.954515E-06    7.954515E-06    7.954515E-06    7.954515E-06    7.954515E-06    7.954515E-06    7.954515E-06    7.954515E-06    7.954515E-06    7.954515E-06    7.954515E-06
   7.954515E-06    7.954515E-06    7.954515E-06    7.954515E-06    7.954515E-06    7.954515E-06    7.954515E-06    7.954515E-06    7.954515E-06    7.954515E-06    7.954515E-06    7.954515E-06    7.954515E-06    7.954515E-06    7.954515E-06    7.954515E-06    7.954515E-06    7.954515E-06    7.954515E-06    7.954515E-06
   7.954515E-06    7.954515E-06    7.954515E-06    7.954515E-06    7.954515E-06    7.954515E-06    7.954515E-06    7.954515E-06    7.954515E-06    7.954515E-06    7.954515E-06    7.954515E-06    7.954515E-06    7.954515E-06    7.954515E-06    7.954515E-06    7.954515E-06    7.954515E-06    7.954515E-06    7.954515E-06
   7.954515E-06    7.954515E-06    7.954515E-06    7.954515E-06    7.954515E-06    7.954515E-06    7.954515E-06    7.954515E-06    7.954515E-06    7.954515E-06    7.954515E-06    7.954515E-06    7.954515E-06    7.954515E-06    7.954515E-06    7.954515E-06    7.954515E-06    7.954515E-06    7.954515E-06    7.954515E-06
   7.954515E-06    7.954515E-06    7.954515E-06    7.954515E-06    7.954515E-06    7.954515E-06    7.954515E-06    7.954515E-06    7.954515E-06    7.954515E-06    7.954515E-06    7.954515E-06    7.954515E-06    7.954515E-06    7.954515E-06    7.954515E-06    7.954515E-06    7.954515E-06    7.954515E-06    7.954515E-06
   7.954515E-06    7.954515E-06    7.954515E-06    7.954515E-06    7.954515E-06    7.954515E-06    7.954515E-06    7.954515E-06    7.954515E-06    7.954515E-06    7.954515E-06    7.954515E-06    7.954515E-06    7.954515E-06    7.954515E-06    7.954515E-06    7.954515E-06    7.954515E-06    7.954515E-06    7.954515E-06
   7.954515E-06    7.954515E-06    7.954515E-06    7.954515E-06    7.954515E-06    7.954515E-06    7.954515E-06    7.954515E-06    7.954515E-06    7.954515E-06    7.954515E-06    7.954515E-06    7.954515E-06    7.954515E-06    7.954515E-06    7.954515E-06    7.954515E-06    7.954515E-06    7.954515E-06    7.954515E-06
   7.954515E-06    7.954515E-06    7.954515E-06    7.954515E-06    7.954515E-06    7.954515E-06    7.954515E-06    7.954515E-06    7.954515E-06    7.954515E-06    7.954515E-06    7.954515E-06    7.954515E-06    7.954515E-06    7.954515E-06    7.954515E-06    7.954515E-06    7.954515E-06    7.954515E-06    7.954515E-06
   7.954515E-06    7.954515E-06    7.954515E-06    7.954515E-06    7.954515E-06    7.954515E-06    7.954515E-06    7.954515E-06    7.954515E-06    7.954515E-06    7.954515E-06    7.954515E-06    7.954515E-06    7.954515E-06    7.954515E-06    7.954515E-06    7.954515E-06    7.954515E-06    7.954515E-06    7.954515E-06
   7.954515E-06    7.954515E-06    7.954515E-06    7.954515E-06    7.954515E-06    7.954515E-06    7.954515E-06    7.954515E-06    7.954515E-06    7.954515E-06    7.954515E-06    7.954515E-06    7.954515E-06    7.954515E-06    7.954515E-06    7.954515E-06    7.954515E-06    7.954515E-06    7.954515E-06    7.954515E-06
   7.954515E-06    7.954515E-06    7.954515E-06    7.954515E-06    7.954515E-06    7.954515E-06    7.954515E-06    7.954515E-06    7.954515E-06    7.954515E-06    7.954515E-06    7.954515E-06    7.954515E-06    7.954515E-06    7.954515E-06    7.954515E-06    7.954515E-06    7.954515E-06    7.954515E-06    7.954515E-06
