   1.719173E-04    1.719173E-04    1.719173E-04    1.719173E-04    1.719173E-04    1.719173E-04    1.719173E-04    1.719173E-04    1.719173E-04    1.719173E-04    1.719173E-04    1.719173E-04    1.719173E-04    1.719173E-04    1.719173E-04    1.719173E-04    1.719173E-04    1.719173E-04    1.719173E-04    1.719173E-04
   1.719173E-04    1.719173E-04    1.719173E-04    1.719173E-04    1.719173E-04    1.719173E-04    1.719173E-04    1.719173E-04    1.719173E-04    1.719173E-04    1.719173E-04    1.719173E-04    1.719173E-04    1.719173E-04    1.719173E-04    1.719173E-04    1.719173E-04    1.719173E-04    1.719173E-04    1.719173E-04
   1.719173E-04    1.719173E-04    1.719173E-04    1.719173E-04    1.719173E-04    1.719173E-04    1.719173E-04    1.719173E-04    1.719173E-04    1.719173E-04    1.719173E-04    1.719173E-04    1.719173E-04    1.719173E-04    1.719173E-04    1.719173E-04    1.719173E-04    1.719173E-04    1.719173E-04    1.719173E-04
   1.719173E-04    1.719173E-04    1.719173E-04    1.719173E-04    1.719173E-04    1.719173E-04    1.719173E-04    1.719173E-04    1.719173E-04    1.719173E-04    1.719173E-04    1.719173E-04    1.719173E-04    1.719173E-04    1.719173E-04    1.719173E-04    1.719173E-04    1.719173E-04    1.719173E-04    1.719173E-04
   1.719173E-04    1.719173E-04    1.719173E-04    1.719173E-04    1.719173E-04    1.719173E-04    1.719173E-04    1.719173E-04    1.719173E-04    1.719173E-04    1.719173E-04    1.719173E-04    1.719173E-04    1.719173E-04    1.719173E-04    1.719173E-04    1.719173E-04    1.719173E-04    1.719173E-04    1.719173E-04
   1.719173E-04    1.719173E-04    1.719173E-04    1.719173E-04    1.719173E-04    1.719173E-04    1.719173E-04    1.719173E-04    1.719173E-04    1.719173E-04    1.719173E-04    1.719173E-04    1.719173E-04    1.719173E-04    1.719173E-04    1.719173E-04    1.719173E-04    1.719173E-04    1.719173E-04    1.719173E-04
   1.719173E-04    1.719173E-04    1.719173E-04    1.719173E-04    1.719173E-04    1.719173E-04    1.719173E-04    1.719173E-04    1.719173E-04    1.719173E-04    1.719173E-04    1.719173E-04    1.719173E-04    1.719173E-04    1.719173E-04    1.719173E-04    1.719173E-04    1.719173E-04    1.719173E-04    1.719173E-04
   1.719173E-04    1.719173E-04    1.719173E-04    1.719173E-04    1.719173E-04    1.719173E-04    1.719173E-04    1.719173E-04    1.719173E-04    1.719173E-04    1.719173E-04    1.719173E-04    1.719173E-04    1.719173E-04    1.719173E-04    1.719173E-04    1.719173E-04    1.719173E-04    1.719173E-04    1.719173E-04
   1.719173E-04    1.719173E-04    1.719173E-04    1.719173E-04    1.719173E-04    1.719173E-04    1.719173E-04    1.719173E-04    1.719173E-04    1.719173E-04    1.719173E-04    1.719173E-04    1.719173E-04    1.719173E-04    1.719173E-04    1.719173E-04    1.719173E-04    1.719173E-04    1.719173E-04    1.719173E-04
   1.719173E-04    1.719173E-04    1.719173E-04    1.719173E-04    1.719173E-04    1.719173E-04    1.719173E-04    1.719173E-04    1.719173E-04    1.719173E-04    1.719173E-04    1.719173E-04    1.719173E-04    1.719173E-04    1.719173E-04    1.719173E-04    1.719173E-04    1.719173E-04    1.719173E-04    1.719173E-04
   1.719173E-04    1.719173E-04    1.719173E-04    1.719173E-04    1.719173E-04    1.719173E-04    1.719173E-04    1.719173E-04    1.719173E-04    1.719173E-04    1.719173E-04    1.719173E-04    1.719173E-04    1.719173E-04    1.719173E-04    1.719173E-04    1.719173E-04    1.719173E-04    1.719173E-04    1.719173E-04
   1.719173E-04    1.719173E-04    1.719173E-04    1.719173E-04    1.719173E-04    1.719173E-04    1.719173E-04    1.719173E-04    1.719173E-04    1.719173E-04    1.719173E-04    1.719173E-04    1.719173E-04    1.719173E-04    1.719173E-04    1.719173E-04    1.719173E-04    1.719173E-04    1.719173E-04    1.719173E-04
   1.719173E-04    1.719173E-04    1.719173E-04    1.719173E-04    1.719173E-04    1.719173E-04    1.719173E-04    1.719173E-04    1.719173E-04    1.719173E-04    1.719173E-04    1.719173E-04    1.719173E-04    1.719173E-04    1.719173E-04    1.719173E-04    1.719173E-04    1.719173E-04    1.719173E-04    1.719173E-04
   1.719173E-04    1.719173E-04    1.719173E-04    1.719173E-04    1.719173E-04    1.719173E-04    1.719173E-04    1.719173E-04    1.719173E-04    1.719173E-04    1.719173E-04    1.719173E-04    1.719173E-04    1.719173E-04    1.719173E-04    1.719173E-04    1.719173E-04    1.719173E-04    1.719173E-04    1.719173E-04
   1.719173E-04    1.719173E-04    1.719173E-04    1.719173E-04    1.719173E-04    1.719173E-04    1.719173E-04    1.719173E-04    1.719173E-04    1.719173E-04    1.719173E-04    1.719173E-04    1.719173E-04    1.719173E-04    1.719173E-04    1.719173E-04    1.719173E-04    1.719173E-04    1.719173E-04    1.719173E-04
   1.719173E-04    1.719173E-04    1.719173E-04    1.719173E-04    1.719173E-04    1.719173E-04    1.719173E-04    1.719173E-04    1.719173E-04    1.719173E-04    1.719173E-04    1.719173E-04    1.719173E-04    1.719173E-04    1.719173E-04    1.719173E-04    1.719173E-04    1.719173E-04    1.719173E-04    1.719173E-04
   1.719173E-04    1.719173E-04    1.719173E-04    1.719173E-04    1.719173E-04    1.719173E-04    1.719173E-04    1.719173E-04    1.719173E-04    1.719173E-04    1.719173E-04    1.719173E-04    1.719173E-04    1.719173E-04    1.719173E-04    1.719173E-04    1.719173E-04    1.719173E-04    1.719173E-04    1.719173E-04
   1.719173E-04    1.719173E-04    1.719173E-04    1.719173E-04    1.719173E-04    1.719173E-04    1.719173E-04    1.719173E-04    1.719173E-04    1.719173E-04    1.719173E-04    1.719173E-04    1.719173E-04    1.719173E-04    1.719173E-04    1.719173E-04    1.719173E-04    1.719173E-04    1.719173E-04    1.719173E-04
   1.719173E-04    1.719173E-04    1.719173E-04    1.719173E-04    1.719173E-04    1.719173E-04    1.719173E-04    1.719173E-04    1.719173E-04    1.719173E-04    1.719173E-04    1.719173E-04    1.719173E-04    1.719173E-04    1.719173E-04    1.719173E-04    1.719173E-04    1.719173E-04    1.719173E-04    1.719173E-04
   1.719173E-04    1.719173E-04    1.719173E-04    1.719173E-04    1.719173E-04    1.719173E-04    1.719173E-04    1.719173E-04    1.719173E-04    1.719173E-04    1.719173E-04    1.719173E-04    1.719173E-04    1.719173E-04    1.719173E-04    1.719173E-04    1.719173E-04    1.719173E-04    1.719173E-04    1.719173E-04
   1.719173E-04    1.719173E-04    1.719173E-04    1.719173E-04    1.719173E-04    1.719173E-04    1.719173E-04    1.719173E-04    1.719173E-04    1.719173E-04    1.719173E-04    1.719173E-04    1.719173E-04    1.719173E-04    1.719173E-04    1.719173E-04    1.719173E-04    1.719173E-04    1.719173E-04    1.719173E-04
   1.719173E-04    1.719173E-04    1.719173E-04    1.719173E-04    1.719173E-04    1.719173E-04    1.719173E-04    1.719173E-04    1.719173E-04    1.719173E-04    1.719173E-04    1.719173E-04    1.719173E-04    1.719173E-04    1.719173E-04    1.719173E-04    1.719173E-04    1.719173E-04    1.719173E-04    1.719173E-04
   1.719173E-04    1.719173E-04    1.719173E-04    1.719173E-04    1.719173E-04    1.719173E-04    1.719173E-04    1.719173E-04    1.719173E-04    1.719173E-04    1.719173E-04    1.719173E-04    1.719173E-04    1.719173E-04    1.719173E-04    1.719173E-04    1.719173E-04    1.719173E-04    1.719173E-04    1.719173E-04
   1.719173E-04    1.719173E-04    1.719173E-04    1.719173E-04    1.719173E-04    1.719173E-04    1.719173E-04    1.719173E-04    1.719173E-04    1.719173E-04    1.719173E-04    1.719173E-04    1.719173E-04    1.719173E-04    1.719173E-04    1.719173E-04    1.719173E-04    1.719173E-04    1.719173E-04    1.719173E-04
   1.719173E-04    1.719173E-04    1.719173E-04    1.719173E-04    1.719173E-04    1.719173E-04    1.719173E-04    1.719173E-04    1.719173E-04    1.719173E-04    1.719173E-04    1.719173E-04    1.719173E-04    1.719173E-04    1.719173E-04    1.719173E-04    1.719173E-04    1.719173E-04    1.719173E-04    1.719173E-04
   1.719173E-04    1.719173E-04    1.719173E-04    1.719173E-04    1.719173E-04    1.719173E-04    1.719173E-04    1.719173E-04    1.719173E-04    1.719173E-04    1.719173E-04    1.719173E-04    1.719173E-04    1.719173E-04    1.719173E-04    1.719173E-04    1.719173E-04    1.719173E-04    1.719173E-04    1.719173E-04
   1.719173E-04    1.719173E-04    1.719173E-04    1.719173E-04    1.719173E-04    1.719173E-04    1.719173E-04    1.719173E-04    1.719173E-04    1.719173E-04    1.719173E-04    1.719173E-04    1.719173E-04    1.719173E-04    1.719173E-04    1.719173E-04    1.719173E-04    1.719173E-04    1.719173E-04    1.719173E-04
   1.719173E-04    1.719173E-04    1.719173E-04    1.719173E-04    1.719173E-04    1.719173E-04    1.719173E-04    1.719173E-04    1.719173E-04    1.719173E-04    1.719173E-04    1.719173E-04    1.719173E-04    1.719173E-04    1.719173E-04    1.719173E-04    1.719173E-04    1.719173E-04    1.719173E-04    1.719173E-04
   1.719173E-04    1.719173E-04    1.719173E-04    1.719173E-04    1.719173E-04    1.719173E-04    1.719173E-04    1.719173E-04    1.719173E-04    1.719173E-04    1.719173E-04    1.719173E-04    1.719173E-04    1.719173E-04    1.719173E-04    1.719173E-04    1.719173E-04    1.719173E-04    1.719173E-04    1.719173E-04
   1.719173E-04    1.719173E-04    1.719173E-04    1.719173E-04    1.719173E-04    1.719173E-04    1.719173E-04    1.719173E-04    1.719173E-04    1.719173E-04    1.719173E-04    1.719173E-04    1.719173E-04    1.719173E-04    1.719173E-04    1.719173E-04    1.719173E-04    1.719173E-04    1.719173E-04    1.719173E-04
   1.719173E-04    1.719173E-04    1.719173E-04    1.719173E-04    1.719173E-04    1.719173E-04    1.719173E-04    1.719173E-04    1.719173E-04    1.719173E-04    1.719173E-04    1.719173E-04    1.719173E-04    1.719173E-04    1.719173E-04    1.719173E-04    1.719173E-04    1.719173E-04    1.719173E-04    1.719173E-04
   1.719173E-04    1.719173E-04    1.719173E-04    1.719173E-04    1.719173E-04    1.719173E-04    1.719173E-04    1.719173E-04    1.719173E-04    1.719173E-04    1.719173E-04    1.719173E-04    1.719173E-04    1.719173E-04    1.719173E-04    1.719173E-04    1.719173E-04    1.719173E-04    1.719173E-04    1.719173E-04
   1.719173E-04    1.719173E-04    1.719173E-04    1.719173E-04    1.719173E-04    1.719173E-04    1.719173E-04    1.719173E-04    1.719173E-04    1.719173E-04    1.719173E-04    1.719173E-04    1.719173E-04    1.719173E-04    1.719173E-04    1.719173E-04    1.719173E-04    1.719173E-04    1.719173E-04    1.719173E-04
   1.719173E-04    1.719173E-04    1.719173E-04    1.719173E-04    1.719173E-04    1.719173E-04    1.719173E-04    1.719173E-04    1.719173E-04    1.719173E-04    1.719173E-04    1.719173E-04    1.719173E-04    1.719173E-04    1.719173E-04    1.719173E-04    1.719173E-04    1.719173E-04    1.719173E-04    1.719173E-04
   1.719173E-04    1.719173E-04    1.719173E-04    1.719173E-04    1.719173E-04    1.719173E-04    1.719173E-04    1.719173E-04    1.719173E-04    1.719173E-04    1.719173E-04    1.719173E-04    1.719173E-04    1.719173E-04    1.719173E-04    1.719173E-04    1.719173E-04    1.719173E-04    1.719173E-04    1.719173E-04
   1.719173E-04    1.719173E-04    1.719173E-04    1.719173E-04    1.719173E-04    1.719173E-04    1.719173E-04    1.719173E-04    1.719173E-04    1.719173E-04    1.719173E-04    1.719173E-04    1.719173E-04    1.719173E-04    1.719173E-04    1.719173E-04    1.719173E-04    1.719173E-04    1.719173E-04    1.719173E-04
   1.719173E-04    1.719173E-04    1.719173E-04    1.719173E-04    1.719173E-04    1.719173E-04    1.719173E-04    1.719173E-04    1.719173E-04    1.719173E-04    1.719173E-04    1.719173E-04    1.719173E-04    1.719173E-04    1.719173E-04    1.719173E-04    1.719173E-04    1.719173E-04    1.719173E-04    1.719173E-04
   1.719173E-04    1.719173E-04    1.719173E-04    1.719173E-04    1.719173E-04    1.719173E-04    1.719173E-04    1.719173E-04    1.719173E-04    1.719173E-04    1.719173E-04    1.719173E-04    1.719173E-04    1.719173E-04    1.719173E-04    1.719173E-04    1.719173E-04    1.719173E-04    1.719173E-04    1.719173E-04
   1.719173E-04    1.719173E-04    1.719173E-04    1.719173E-04    1.719173E-04    1.719173E-04    1.719173E-04    1.719173E-04    1.719173E-04    1.719173E-04    1.719173E-04    1.719173E-04    1.719173E-04    1.719173E-04    1.719173E-04    1.719173E-04    1.719173E-04    1.719173E-04    1.719173E-04    1.719173E-04
   1.719173E-04    1.719173E-04    1.719173E-04    1.719173E-04    1.719173E-04    1.719173E-04    1.719173E-04    1.719173E-04    1.719173E-04    1.719173E-04    1.719173E-04    1.719173E-04    1.719173E-04    1.719173E-04    1.719173E-04    1.719173E-04    1.719173E-04    1.719173E-04    1.719173E-04    1.719173E-04
